1.032 1e-11 0.0
1.032 1.2045035402587836e-11 0.0
1.032 1.4508287784959372e-11 0.0
1.032 1.747528400007683e-11 0.0
1.032 2.1049041445120218e-11 0.0
1.032 2.5353644939701166e-11 0.0
1.032 3.0538555088334125e-11 0.0
1.032 3.6783797718286346e-11 0.0
1.032 4.430621457583887e-11 0.0
1.032 5.336699231206302e-11 0.0
1.032 6.428073117284319e-11 0.0
1.032 7.742636826811278e-11 0.0
1.032 9.32603346883218e-11 0.0
1.032 1.1233240329780265e-10 0.0
1.032 1.3530477745798075e-10 0.0
1.032 1.6297508346206467e-10 0.0
1.032 1.9630406500402684e-10 0.0
1.032 2.364489412645407e-10 0.0
1.032 2.848035868435805e-10 0.0
1.032 3.4304692863149264e-10 0.0
1.032 4.1320124001153345e-10 0.0
1.032 4.977023564332114e-10 0.0
1.032 5.994842503189421e-10 0.0
1.032 7.220809018385456e-10 0.0
1.032 8.697490026177835e-10 0.0
1.032 1.0476157527896662e-09 0.0
1.032 1.2618568830660185e-09 0.0
1.032 1.519911082952933e-09 0.0
1.032 1.8307382802953697e-09 0.0
1.032 2.205130739903041e-09 0.0
1.032 2.656087782946684e-09 0.0
1.032 3.1992671377973846e-09 0.0
1.032 3.853528593710535e-09 0.0
1.032 4.641588833612792e-09 0.0
1.032 5.590810182512222e-09 0.0
1.032 6.734150657750828e-09 0.0
1.032 8.11130830789689e-09 0.0
1.032 9.770099572992246e-09 0.0
1.032 1.176811952434999e-08 0.0
1.032 1.4174741629268077e-08 0.0
1.032 1.7073526474706922e-08 0.0
1.032 2.0565123083486514e-08 0.0
1.032 2.4770763559917138e-08 0.0
1.032 2.9836472402833406e-08 0.0
1.032 3.593813663804626e-08 0.0833066579667003
1.032 4.328761281083061e-08 0.17532656800226853
1.032 5.214008287999695e-08 0.3689663527964939
1.032 6.28029144183426e-08 0.7763968188459188
1.032 7.56463327554629e-08 1.6335022417397316
1.032 9.111627561154905e-08 3.4361115419444985
1.032 1.0974987654930567e-07 7.225808700243319
1.032 1.3219411484660315e-07 15.18866515360178
1.032 1.5922827933410937e-07 31.90678317740906
1.032 1.9179102616724887e-07 66.9661801339752
1.032 2.3101297000831628e-07 140.36596093373308
1.032 2.782559402207126e-07 293.6624948402911
1.032 3.3516026509388476e-07 612.703108496648
1.032 4.037017258596558e-07 1273.329343399804
1.032 4.862601580065354e-07 2631.2782570691165
1.032 5.857020818056673e-07 5393.292227612264
1.032 7.054802310718645e-07 10926.569133351448
1.032 8.497534359086456e-07 21773.89670917903
1.032 1.0235310218990268e-06 42393.99704606855
1.032 1.2328467394420685e-06 79930.5432434636
1.032 1.4849682622544665e-06 144280.5502878559
1.032 1.788649529057435e-06 245955.8245903873
