40 0.007355864811133192
146.66666666666697 0.013876739562624252
253.33333333333348 0.017375745526838973
352.3809523809525 0.021351888667992036
466.66666666666674 0.028190854870775342
573.3333333333335 0.0375745526838966
657.1428571428571 0.044731610337972155
756.1904761904761 0.05284294234592443
847.6190476190477 0.06047713717693836
954.2857142857142 0.06747514910536778
1053.3333333333335 0.07431411530815107
1159.9999999999995 0.08131212723658049
1251.428571428571 0.0854473161033797
1358.095238095238 0.0862425447316103
1426.6666666666665 0.0868787276341948
1571.428571428571 0.09069582504970176
1670.4761904761904 0.09562624254473158
1754.2857142857142 0.10071570576540753
1822.8571428571427 0.10469184890656061
1937.1428571428569 0.10612326043737572
2028.5714285714284 0.10882703777335981
2150.4761904761904 0.10914512922465205
2272.380952380952 0.10803180914512919
2363.8095238095234 0.10771371769383695
2455.238095238095 0.10644135188866796
2561.9047619047615 0.1053280318091451
2660.9523809523807 0.10278330019880713
2752.380952380952 0.09864811133200793
2866.6666666666665 0.09419483101391649
2958.095238095238 0.09101391650099402
3049.5238095238087 0.08560636182902583
3163.8095238095234 0.08131212723658049
3262.8571428571427 0.07638170974155067
3354.285714285714 0.07176938369781312
3453.3333333333335 0.06572564612326043
3559.9999999999995 0.06
3636.1904761904757 0.053161033797216706
3750.4761904761904 0.04568588469184891
3841.904761904761 0.04027833001988071
3956.1904761904757 0.03359840954274354
4055.238095238095 0.027236580516898617
4146.666666666666 0.022624254473161035
4260.952380952382 0.017693836978131233
4352.380952380952 0.014353876739562649
4459.047619047618 0.01069582504970179
4550.476190476191 0.008628230616302204
4641.9047619047615 0.006878727634194837
4748.5714285714275 0.005765407554671989
4855.238095238095 0.0044930417495030045
4969.523809523809 0.0038568588469184983
5038.0952380952385 0.003379721669980129
5152.380952380952 0.003061630218687883
5243.809523809523 0.0025844930417495138
5335.238095238095 0.0025844930417495277
5396.190476190475 0.0024254473161034185
5457.142857142857 0.0022664015904572815
5540.95238095238 0.0019483101391650492
5647.619047619048 0.0014711729622266662
5746.666666666666 0.0022664015904572815
5876.190476190475 0.0021073558648111584
5959.999999999998 0.0017892644135189123
6059.047619047618 0.0017892644135189123
6135.238095238095 0.0016302186878727754
6280 0.0016302186878727754
6333.333333333332 0.0016302186878727754
6470.476190476189 0.0016302186878727754
6561.9047619047615 0.0016302186878727754
6645.714285714284 0.0016302186878727754
6798.095238095237 0.0016302186878727754
6919.999999999998 0.0014711729622266662
7026.666666666666 0.0016302186878727754
7095.238095238095 0.0014711729622266662
7224.761904761905 0.0017892644135189123
7369.523809523809 0.001312127236580543
8093.333333333332 0.00147117296222668
