1053.4759358288775 0.0000026232247064245416
1213.903743315508 0.0000027242712344651536
1470.588235294118 0.0000027765526957314653
1727.272727272727 0.0000023883152181426247
2080.213903743316 0.000002434296559477124
2208.5561497326207 0.0000023006570609898587
2529.411764705882 0.000002094169057882677
2754.0106951871658 0.000002016981629852115
3010.6951871657757 0.000001608960983895889
3235.2941176470586 0.0000015207232239096786
3491.9786096256685 0.000001464701537058201
3748.6631016042784 0.0000015212137832545402
4005.3475935828874 0.0000011467723293579884
4262.032085561497 0.0000010438054198018977
4486.631016042781 0.0000011046824292050752
4775.401069518716 0.0000010441421336067834
5000 9.868798606872764e-7
5288.770053475935 8.650561648798751e-7
5513.368983957218 0.0000010059812788988483
5770.053475935829 7.583625044635307e-7
6026.737967914438 7.16787250947307e-7
6283.422459893047 7.730408862309373e-7
6540.106951871658 8.181428094014004e-7
6764.705882352939 6.526253412256798e-7
7053.475935828876 6.405561211938918e-7
7278.0748663101585 5.614611303058267e-7
7486.6310160427765 6.347206138967431e-7
7759.358288770052 6.171329129594727e-7
8048.128342245987 5.724207186907244e-7
8240.641711229944 4.831678428612604e-7
8497.326203208555 5.210869709947123e-7
8818.181818181816 5.211920232406311e-7
9058.82352941177 5.115379760362677e-7
9267.379679144382 4.655936957339377e-7
9524.064171122993 4.400687313247492e-7
9748.663101604276 4.527517125240102e-7
10037.433155080213 4.2392546664399055e-7
10326.203208556148 4.083167730060647e-7
10582.887700534759 4.0075755490673333e-7
10807.48663101604 3.823658990159007e-7
10999.999999999996 3.1971945301065613e-7
11256.684491978607 3.5805713412958984e-7
11513.368983957216 3.321086692692185e-7
11737.9679144385 3.4491538956640447e-7
11994.65240641711 3.0233180494602475e-7
12187.165775401068 2.9672273643301e-7
12475.935828877002 2.700859063382674e-7
12764.705882352939 2.5770145252404744e-7
13021.390374331548 2.8589553118735683e-7
13278.074866310159 2.3240018850632486e-7
13502.673796791441 2.8064231030981e-7
13743.315508021387 2.1968823558437738e-7
14016.04278074866 2.1972588118995099e-7
14240.641711229942 2.0767579435673746e-7
14561.497326203204 1.890365278630301e-7
14754.010695187164 2.2827252782975763e-7
15010.69518716577 3.3917200701983853e-7
15267.379679144382 1.7872352274138805e-7
15491.978609625665 1.9827294713374066e-7
15780.7486631016 1.6270245088709304e-7
16005.347593582883 1.7219161279856636e-7
16294.117647058822 2.558509898747303e-7
16502.67379679144 1.2982687593737463e-7
16775.401069518713 1.2271069165706178e-7
17032.085561497322 1.1819017153002225e-7
17256.684491978605 1.6595194427293983e-7
17529.411764705874 1.4274879400621828e-7
17770.053475935823 1.2512362992514358e-7
17994.652406417106 1.0561625580173946e-7
18267.379679144386 1.0969232936585455e-7
18508.021390374328 1.2518165546721653e-7
18764.705882352937 8.918073090843072e-8
18989.304812834216 1.0177264969329106e-7
19262.03208556149 1.1184927930776834e-7
19534.759358288768 1.0374458758063974e-7
19727.272727272724 6.853874070961538e-8
19951.871657754004 1.0183421485370634e-7
20240.641711229942 8.75967915904631e-8
20529.411764705877 9.447331318432321e-8
20689.839572192508 6.124709929266023e-8
21010.69518716577 9.100586614427388e-8
21267.37967914438 1.1412108464105026e-7
21491.978609625665 6.607642611813005e-8
21780.7486631016 4.448658002797882e-8
22037.43315508021 7.26311745878012e-8
22262.032085561492 6.366277681259227e-8
22550.802139037427 4.983705414443968e-8
22743.315508021387 6.368202961045871e-8
22999.999999999996 5.5819785191259305e-8
23288.77005347593 5.080883742251541e-8
23513.36898395721 7.134117200576444e-8
23770.05347593582 6.021995497900536e-8
24026.737967914432 5.91050956254038e-8
24251.33689839572 3.422201512175414e-8
24508.021390374328 6.496567235951917e-8
24732.620320855607 4.456915928557308e-8
24957.21925133689 4.80659886577941e-8
25278.07486631015 4.80756788637327e-8
25486.631016042775 5.3333832687917536e-8
25743.31550802138 4.7191831026136365e-8
26016.04278074866 5.9179011783866296e-8
26240.64171122994 5.3864334245919485e-8
26529.411764705874 4.902892750654117e-8
26786.096256684483 3.9110733718516115e-8
26978.60962566844 4.6346649215739836e-8
27267.37967914438 2.683592099149256e-8
27491.97860962566 3.839750675237011e-8
27780.748663101596 7.569395827417495e-8
28037.433155080205 4.3009568624385844e-8
28294.117647058814 2.398189063248265e-8
28486.63101604277 3.367252201029173e-8
28775.40106951871 2.7893245415697187e-8
28999.999999999993 9.003844732525391e-9
29224.598930481272 4.957703479544227e-8
29481.283422459885 2.53959202408568e-8
29737.96791443849 1.7097699293330784e-8
29994.652406417106 3.634371068299215e-8
