1053.4759358288775 2.440380774720347e-7
1245.9893048128351 2.8112642128388104e-7
1502.6737967914441 2.0217375174093457e-7
1759.3582887700532 2.838798106860498e-7
2016.042780748663 1.9475730936832803e-7
2304.812834224598 2.2226512773632913e-7
2561.497326203208 2.489170236743922e-7
2786.096256684492 2.1410734716001023e-7
2978.6096256684496 2.265899870864983e-7
3235.2941176470586 2.635087630817231e-7
3491.9786096256685 2.736756617415531e-7
3780.7486631016036 3.1233002813912705e-7
4005.3475935828874 2.636362785050391e-7
4262.032085561497 2.399647857862276e-7
4550.802139037432 2.5880249663458545e-7
4775.401069518716 2.492634868741657e-7
5000 2.400760684175104e-7
5256.684491978609 2.5891729581830204e-7
5577.54010695187 2.589694940979501e-7
5770.053475935829 3.0115178865763293e-7
6026.737967914438 2.542059044578673e-7
6283.422459893047 2.590843673581255e-7
6508.0213903743315 2.4030363255996903e-7
6796.791443850267 2.403472332733515e-7
7021.3903743315495 2.403811504085183e-7
7310.1604278074865 2.641842332474817e-7
7470.588235294117 2.4502393622579415e-7
7695.1871657754 2.3599278023005262e-7
8048.128342245987 2.3604511507075207e-7
8240.641711229944 3.016195934008031e-7
8529.411764705881 3.442208031752129e-7
8721.925133689838 2.231630286872967e-7
9042.7807486631 2.3178262149930907e-7
9235.294117647058 2.1096271383791697e-7
9524.064171122993 2.150156313918114e-7
9748.663101604276 1.9205166763016683e-7
10005.347593582886 1.8152293404571035e-7
10262.032085561495 1.8852659211496962e-7
10486.631016042778 2.0718656664075054e-7
10743.315508021387 2.0721998137050053e-7
11032.085561497322 2.3207248620214677e-7
11256.684491978607 1.9589127235147555e-7
11481.28342245989 1.959189159846968e-7
11770.053475935827 1.9968281909007878e-7
11978.60962566845 1.4911514374281334e-7
12251.336898395719 1.6234207417352371e-7
12508.021390374328 1.5057711488206364e-7
12732.620320855613 1.4231924694408057e-7
12989.304812834222 1.5062265217875857e-7
13278.074866310159 1.5643724516092848e-7
13502.673796791441 1.6871107671972002e-7
13759.35828877005 1.3714270338515137e-7
14048.128342245986 1.2962682408573998e-7
14272.727272727268 1.3211182797367503e-7
14529.411764705877 1.2966602562810341e-7
14754.010695187164 1.425001022850675e-7
14978.609625668447 1.158338604415803e-7
15267.379679144382 1.0153494773623341e-7
15491.978609625665 1.0348141785663789e-7
15748.663101604274 1.453021723033028e-7
16037.433155080209 1.1162291353451292e-7
16262.032085561495 1.0750868714358416e-7
16486.63101604278 1.1814967598708926e-7
16711.22994652406 1.2984388803121234e-7
16935.828877005344 1.0554602112012466e-7
17288.770053475935 1.1066289147198954e-7
17481.28342245989 7.663665363859557e-8
17770.053475935823 7.959511268826835e-8
17994.652406417106 1.0170907146227194e-7
18283.422459893045 5.889221016117498e-8
18508.021390374328 8.114715465493075e-8
18732.62032085561 9.087570890183026e-8
19021.390374331546 6.118293216150988e-8
19245.98930481283 5.464851125502327e-8
19502.673796791438 7.251560175665332e-8
19695.187165775395 9.805113039551029e-8
19983.957219251333 6.417365442987219e-8
20208.556149732616 3.894944494409151e-8
20497.326203208548 6.603514761848092e-8
20754.01069518716 9.099119122536537e-8
20978.609625668443 3.970972889139701e-8
21267.37967914438 4.8867108356188635e-8
21491.978609625665 6.244388691828244e-8
21732.620320855614 6.424419568967266e-8
21973.262032085557 3.7550151849075085e-8
22197.860962566836 4.79827334725246e-8
22550.802139037423 3.686241136201807e-8
22711.229946524058 6.73852367284834e-8
22999.999999999996 4.368940754213561e-8
23256.6844919786 4.5375066014340475e-8
23513.36898395721 5.1782865440457776e-8
23737.967914438497 2.8873248956966637e-8
23962.56684491978 6.137316112365889e-8
24283.42245989304 3.234131815985626e-8
24443.850267379676 3.5540962434724495e-8
24732.620320855607 3.359319870212459e-8
24989.30481283422 3.000600395631031e-8
25245.98930481283 3.0010843278324865e-8
25470.58823529411 2.1379610120667816e-8
25727.27272727272 2.836957965767739e-8
26016.04278074866 2.4403233828165184e-8
26240.64171122994 3.836733168261151e-8
26561.497326203204 1.9840621930669795e-8
26721.92513368983 2.441405857429379e-8
26978.60962566844 2.180704328473247e-8
27235.294117647052 3.767449588890523e-8
27491.97860962566 2.265207217700131e-8
27716.577540106944 1.8069359241573598e-8
27973.262032085553 1.554277205870472e-8
28229.946524064162 1.614245529718848e-8
28518.7165775401 1.4972910484287056e-8
28743.315508021384 2.266988753783413e-8
28999.999999999993 6.393284646269325e-8
29256.6844919786 2.3996397957862308e-8
29545.454545454537 2.588016271380881e-8
29737.96791443849 2.2260515584229498e-8
30058.82352941176 2.446529513776386e-8
