0.07356789872995127 2.013369772397736e-41
0.09821232820735291 7.341518949631045e-42
0.10847596690439323 3.8215418101784293e-41
0.11048525488553068 1.6842326060720227e-40
0.1135540819655905 3.0482047478195816e-40
0.11778654830165138 5.15623907512061e-40
0.12106325974830529 6.706257162920916e-40
0.12442590040384646 8.070229304668475e-40
0.12559846948364034 9.620490589783886e-40
0.13026344885141744 1.1170387078926648e-39
0.13510926059102793 1.296834482947308e-39
0.14138863425385517 1.4208043143203695e-39
0.150666741115019 1.5757574836373802e-39
0.15911714327726145 1.7493274074254215e-39
0.17578498465457373 1.879425811139045e-39
0.18901139505995798 2.0157622259850247e-39
0.20505346716222242 2.1024742286845148e-39
0.23062916861161412 2.170532997315709e-39
0.25473810673574143 2.2138099595380464e-39
0.2943617550011147 2.257026122431608e-39
0.33404226303227325 2.275460478916312e-39
0.37568531023685187 2.318713121407139e-39
0.4112564669159886 2.3930099011706908e-39
0.4502271349122977 2.4983143386097012e-39
0.47971789785517327 2.6036552556459772e-39
0.5110974311331244 2.6717869834717016e-39
0.5595603636834672 2.80189754705108e-39
0.6015701476699337 2.8700171150110497e-39
0.6351857347542076 2.956765597307805e-39
0.7144605475416838 3.055832023614459e-39
0.8036068097924535 3.142495386850928e-39
0.8957386789511903 3.2229693784180616e-39
1.0074332592527522 3.278625083979072e-39
1.1027432575748257 3.321914206067164e-39
1.229067262920325 3.365179008423746e-39
1.4593252864176367 3.43316481786041e-39
1.6412046720194673 3.4640143972810534e-39
1.931076170905921 3.5134077719781967e-39
2.094738885284919 3.550507522396952e-39
2.464645121305503 3.5874978340239115e-39
2.873684588222046 3.6058957109113506e-39
3.4424705448852517 3.605652513596249e-39
4.236836623002374 3.5805667105435147e-39
5.357768592035402 3.561645959428607e-39
6.534732281783712 3.530370784706536e-39
8.189102703991525 3.4990591303871995e-39
9.809690199791834 3.486412870001914e-39
11.857407438861099 3.467552918215782e-39
14.462174287290674 3.436277743493711e-39
18.289172890051574 3.435961586984079e-39
22.30745744180089 3.4170894753321914e-39
27.956115809843666 3.4043824156181304e-39
35.35290818882835 3.3916631960383145e-39
43.906654448345016 3.378968296190009e-39
59.68390006805665 3.3723533292192445e-39
78.2513314552828 3.359585470176408e-39
102.59932816535178 3.3654222057388476e-39
155.42610568460032 3.35245978884393e-39
205.63272155785117 3.352082833005523e-39
262.39527764163665 3.33314992202486e-39
383.4081994927458 3.3326392076631465e-39
525.9153914724423 3.3322136123617184e-39
