0.06113821944317356 4.45682451253495e-41
0.10188481091497834 8.913649025069639e-41
0.10874333342164712 2.228412256267423e-40
0.11291329484099172 6.462395543175495e-40
0.11726135561469374 1.2033426183844026e-39
0.12292866307159876 1.8718662952646243e-39
0.12884654657696487 2.3844011142061305e-39
0.1350353515966194 2.8077994428969377e-39
0.14284889925096095 3.275766016713092e-39
0.15253202597585785 3.788300835654598e-39
0.1628673189780811 4.278551532033428e-39
0.1739074102722978 4.791086350974932e-39
0.18569106048557538 5.281337047353761e-39
0.19644585921450897 5.7938718662952656e-39
0.21569806917500556 6.350974930362117e-39
0.23905240982706188 6.930362116991644e-39
0.26739284917216305 7.465181058495822e-39
0.29352971990088766 7.821727019498608e-39
0.31332960967392587 8.066852367688024e-39
0.34710219786051116 8.267409470752091e-39
0.38814185342156887 8.557103064066853e-39
0.45465804204947824 8.846796657381616e-39
0.5131569876979263 9.136490250696379e-39
0.5632728812692517 9.426183844011142e-39
0.6416272123511728 9.649025069637884e-39
0.710748966505369 9.805013927576602e-39
0.7726522891078427 9.760445682451254e-39
0.8635824360820883 9.626740947075209e-39
0.9832027726931756 9.403899721448468e-39
1.0886714806275226 9.203342618384402e-39
1.2508054776012492 8.824512534818942e-39
1.4777533102815308 8.490250696378832e-39
1.6668978120843856 8.267409470752091e-39
1.987917370861864 8.022284122562674e-39
2.2845062172829937 7.844011142061283e-39
2.6748276490949334 7.754874651810585e-39
3.2505884747461398 7.732590529247912e-39
3.7709923935495078 7.688022284122565e-39
4.756344906020229 7.710306406685238e-39
5.833468509206309 7.598885793871867e-39
7.356980647287967 7.532033426183844e-39
8.775640446083816 7.465181058495822e-39
10.965553315436935 7.420612813370474e-39
13.448816520992672 7.309192200557103e-39
15.747848346304632 7.28690807799443e-39
19.494775203226336 7.197771587743733e-39
23.90956911012396 7.086350974930362e-39
29.056141172988475 7.064066852367689e-39
34.65998546993123 7.01949860724234e-39
42.905617052684626 6.90807799442897e-39
58.28642738341233 6.885793871866297e-39
77.71614982244178 6.774373259052926e-39
98.02321902207332 6.7966573816156e-39
128.30452713231676 6.752089136490253e-39
185.97461982183412 6.596100278551533e-39
257.36472193943575 6.529247910863512e-39
359.49085137873953 6.484679665738162e-39
449.19981868269593 6.440111420612814e-39
521.1011187717271 6.373259052924791e-39
