1085.5614973262036 0.0001928177956362544
1245.9893048128351 0.00028647531324946614
1502.6737967914441 0.0003660743038234681
1727.272727272727 0.00042571096685205045
2016.042780748663 0.0004421449889893908
2272.727272727273 0.00045063018892965245
2497.326203208556 0.00043813026748051057
2754.0106951871658 0.00041803192133284814
3010.6951871657757 0.0004102928455104822
3267.3796791443847 0.00038779960650197134
3524.0641711229946 0.0003596956993234583
3748.6631016042784 0.00033362176207315044
4005.3475935828874 0.00029243249952878717
4262.032085561497 0.0002515424936749111
4518.716577540106 0.00020447511965162747
4743.315508021389 0.00016310800901916036
5032.085561497326 0.0001229620215642592
5256.684491978609 0.00008926436414303966
5513.368983957218 0.0000660358131960849
5737.967914438503 0.00004978032517799484
6026.737967914438 0.00003682713199376621
6251.336898395721 0.000029376680094982065
6508.0213903743315 0.0000234339923624801
6732.620320855613 0.000018344064159434458
7021.3903743315495 0.000016079612546779067
7278.0748663101585 0.000014914320135687314
7534.759358288769 0.000013321718868313899
7759.358288770052 0.000012356042429891145
8048.128342245987 0.000011460828841510572
8240.641711229944 0.000011038180118122269
8497.326203208555 0.000010631546313715807
8754.010695187164 0.000010048699415747286
9010.695187165775 0.000010241543902975551
9235.294117647056 0.00000941004690489578
9491.978609625665 0.00000950067789586981
9780.748663101602 0.000008980008938897274
10037.433155080213 0.000008487703285578181
10294.117647058822 0.000008489072169266348
10518.716577540106 0.000008331744988793901
10743.315508021387 0.000007441903218893553
10999.999999999996 0.0000074431034375608
11288.770053475933 0.000007169052618694006
11513.368983957216 0.000007587167408482068
11770.053475935827 0.000007446705255103904
11994.65240641711 0.000006527196308408067
12251.336898395719 0.0000067790336386900355
12508.021390374328 0.000007040587551395252
12796.791443850265 0.000006408553294000179
13021.390374331548 0.000006531408111773819
13278.074866310159 0.000005725034205501923
13470.588235294115 0.000005410955928628824
13727.272727272724 0.000005835609047029853
13983.957219251333 0.0000053116387579258155
14272.727272727268 0.000005213408835106125
14529.411764705877 0.000005622558410251215
14754.010695187164 0.000004613676076335514
14978.609625668447 0.0000048369570268855155
15267.379679144382 0.000004658863030857983
15524.064171122991 0.0000043212343897212066
15748.663101604274 0.0000037876542967807704
16005.347593582883 0.000004322541210698931
16262.032085561495 0.00000408556912200599
16486.63101604278 0.0000036492247471522544
16743.315508021384 0.000003790021955401964
16999.999999999996 0.000003582243850998771
17256.684491978605 0.000003791244551768109
17481.28342245989 0.000003261059856137997
17705.88235294117 0.0000032615200478632066
17994.652406417106 0.0000027531444214221316
18283.422459893045 0.0000028594260065631407
18508.021390374328 0.000002602630113721869
18764.705882352937 0.0000028873733987870744
19021.390374331546 0.000002603469677755244
19245.98930481283 0.0000025794139041627954
19502.673796791438 0.000002461088471404913
19727.272727272724 0.0000024847418660434047
19983.957219251333 0.000002393206846036028
20272.72727272727 0.000002198994295985244
20497.326203208548 0.000002283791555104552
20721.925133689834 0.0000018564224728936269
21010.69518716577 0.000001964772292635345
21267.37967914438 0.0000021592849419176273
21524.064171122987 0.0000020797393790319433
21716.577540106948 0.0000020799909368291167
21973.262032085557 0.0000018578825086887808
22229.946524064166 0.0000017894402632675402
22486.631016042775 0.0000018584818298617348
22743.315508021387 0.0000013748639798565918
22999.999999999996 0.0000015109756484337137
23256.6844919786 0.0000014014749716392975
23513.36898395721 0.0000013246427483956625
23770.05347593582 0.000001324856384734012
23962.56684491978 0.000001350227252649662
24251.33689839572 0.0000014290330641344295
24508.021390374324 0.000001402577201144964
24796.79144385026 0.0000012528305446663563
24989.30481283422 0.0000014030013663588885
25213.9037433155 0.00000120679934292447
25534.759358288764 9.62711465983795e-7
25727.27272727272 0.0000011408236657242226
26016.04278074866 0.0000010384118097361746
26256.684491978598 0.000001185042838920209
26497.32620320855 9.103369384176213e-7
26754.01069518716 0.000001089017406341915
26994.652406417106 8.524883944114497e-7
27267.37967914438 7.128534731961261e-7
27524.06417112299 8.135215818663898e-7
27780.748663101596 9.640708807546903e-7
28005.34759358288 8.774907622213083e-7
28229.946524064162 9.643429939726378e-7
28486.63101604277 8.295016520143244e-7
28743.315508021384 7.270905829237246e-7
28999.999999999993 6.373232825909216e-7
29224.598930481272 5.586274781775205e-7
29449.19786096256 6.745885495442084e-7
29770.053475935823 9.836425085552134e-7
30010.69518716577 6.25820831041712e-7
