1000.0 0.000020855819609396078
1245.9893048128351 0.000023801047477099026
1502.6737967914441 0.000025668959388723534
1743.31550802139 0.00002665907030878961
2048.12834224599 0.00002616631888265415
2256.68449197861 0.000023592777431879365
2529.411764705882 0.000022090426384395158
2786.096256684492 0.000020489529214228348
3010.6951871657757 0.000019365853637796485
3267.3796791443847 0.000019368976932786967
3524.0641711229946 0.000017965303693476882
3780.7486631016036 0.0000169804026057304
4037.4331550802135 0.000016354864189249464
4229.946524064171 0.000016051437449959038
4486.631016042781 0.000015460121036689648
4807.486631016042 0.00001546323783009942
5032.085561497326 0.000015176659089775763
5240.641711229946 0.000014209660359226315
5545.454545454544 0.000013816198295047257
5737.967914438503 0.000012814419280362421
6026.737967914438 0.000011885995609751311
6267.379679144384 0.000011024504254222987
6540.106951871658 0.000010820515325999282
6764.705882352939 0.000010036148323122266
7053.475935828876 0.000009666623072090454
7278.0748663101585 0.000008798494609643847
7502.673796791441 0.000008315972371145624
7759.358288770052 0.000007569294104597234
8016.042780748661 0.0000072904500537223386
8240.641711229942 0.000006450741196619839
8513.368983957218 0.0000070894366611978
8754.010695187164 0.000006637858650124172
9042.7807486631 0.000006156935952176389
9235.294117647058 0.000005710511465502673
9524.064171122993 0.000005100826666659719
9780.748663101602 0.0000051987165788040465
10005.347593582886 0.000004821867452965661
10294.117647058822 0.000004389007923466772
10486.631016042778 0.000004823325674615088
10775.401069518712 0.000004267950515306323
11032.085561497322 0.000003921520476850919
11224.598930481281 0.000003996617203706091
11481.28342245989 0.0000035031910127111678
11770.053475935827 0.000003707654231773803
12010.69518716577 0.0000034389252018437664
12283.422459893045 0.0000032504278257354777
12508.021390374328 0.0000030148079633788017
12764.705882352939 0.0000031907024594655068
13021.390374331548 0.0000030157804889483105
13278.074866310159 0.000002545657159323867
13502.673796791441 0.0000026438223751965175
13759.35828877005 0.000002498881684097323
13983.957219251333 0.000002798467123952876
14208.556149732616 0.0000022747860884888335
14529.411764705877 0.0000025000909264467484
14786.09625668449 0.000002233122808437769
15010.695187165777 0.00000205181860966165
15267.379679144378 0.0000022978529589337305
15524.064171122991 0.0000019580112856158424
15764.705882352937 0.000001448479082616943
15989.304812834216 0.000001799315027941324
16262.032085561495 0.000001958919304878881
16486.63101604278 0.0000014767083991948805
16743.315508021384 0.0000021735434624560653
17032.085561497322 0.0000016540811267507214
17256.684491978605 0.0000014774229981874707
17513.368983957214 0.000001477661274688748
17737.967914438497 0.0000019241269312784743
17994.652406417106 0.0000015938533741868103
18283.422459893045 0.0000011355008341555646
18508.021390374328 0.0000013973000268476098
18764.705882352937 0.0000015069604679174114
19053.475935828872 0.0000012962725959331493
19310.16042780748 0.0000013980043800063436
19470.588235294115 0.0000011579689550770335
19823.5294117647 0.0000014521774321344473
20048.128342245986 8.731149319233586e-7
20240.641711229942 0.0000010743972072202031
20497.326203208548 7.370961279894039e-7
20786.096256684486 0.0000010156804241387635
20978.609625668443 8.413064544442617e-7
21267.37967914438 5.99367668490409e-7
21491.978609625665 9.423397857321613e-7
21748.66310160427 0.0000010162948380154897
21973.262032085557 0.0000010554850336781857
22262.032085561492 6.715493571596533e-7
22518.7165775401 8.581436236749633e-7
22743.315508021387 0.0000010362788889012477
22935.828877005344 7.382262407856536e-7
23256.6844919786 6.719691419394805e-7
23513.36898395721 6.595288954550036e-7
23834.224598930476 6.117573812065114e-7
23994.652406417106 9.800798559787856e-7
24283.42245989304 9.263681985628334e-7
24508.021390374328 5.89375375306697e-7
24796.79144385026 4.443116438224211e-7
24957.21925133689 7.253631330167675e-7
25278.07486631015 5.266097109275184e-7
25534.759358288764 5.266946417290644e-7
25759.358288770047 3.896292568452672e-7
26048.128342245982 2.8824496463547683e-7
26240.64171122994 4.3641142559189403e-7
26465.24064171122 7.398649998558399e-7
26786.096256684483 6.485467042808899e-7
27010.69518716577 4.3662261093170394e-7
27267.37967914438 4.7088885810543436e-7
27491.97860962566 3.686104907535571e-7
27716.577540106944 4.799837314272786e-7
28005.34759358288 6.250328643971493e-7
28229.946524064162 5.376254565013243e-7
28518.7165775401 3.830177632443675e-7
28775.40106951871 4.987541206243194e-7
28967.914438502667 2.678034954288716e-7
29224.598930481272 4.4554936363021235e-7
29513.36898395721 4.291444904516054e-7
29737.96791443849 4.456930902469239e-7
30026.737967914432 2.4388070858947496e-7
