2.1474805218138026e-8 1.3055378690231343e-59
1.0456264958825855e-7 2.9050786505110247e-58
8.901278740055537e-7 2.2797894356436792e-56
0.0000069038308656106704 1.3375677515264087e-54
0.00002663436159178708 1.8329807108325276e-53
0.00010764986248004508 3.3598182862838976e-52
0.0006314471159285565 1.101806330109836e-50
0.001529321296464009 5.726572150092035e-50
0.0035354235380630054 2.976351441631362e-49
0.013639347592064185 4.078742758968997e-48
0.03153089585053164 2.335721469090102e-47
0.07636565169815823 1e-46
0.1608431966668603 3.200834046599725e-46
0.38955111180175106 1.024533859387214e-45
0.8595836006382747 2.9763514416313134e-45
1.9871508372086717 6.46437163248996e-45
5.7978736228047545 2.0691380811147647e-44
14.711248671795847 5.455594781168425e-44
39.10653777137506 1.305537869023006e-43
108.91012067680774 3.792690190732145e-43
382.8091486744819 1.3375677515262995e-42
1476.8434344514474 6.309573444801685e-42
4729.447909787602 1.8329807108323477e-41
15867.389259097452 6.464371632489748e-41
61214.9676420348 2.5118864315094487e-40
247416.58724110143 9.760536373078613e-40
756285.480022636 2.5735127000167518e-39
3682418.202773865 1.4737406155823845e-38
18784493.723428298 6.951927961775193e-38
57419108.43981216 2.225196770955867e-37
221517781.39320186 9.526807029019059e-37
562068678.848413 2.5118864315093663e-36
982692994.7752147 4.9515006694727415e-36
1799970448.0008488 1.5848931924609942e-35
2736760110.9285975 5.072980090653281e-35
3791141623.5490537 1.3375677515262338e-34
4784815611.679248 5.197439870871504e-34
5251740827.561713 1.5098971606182843e-33
6038935685.113484 3.0493728293869777e-32
6628243942.173435 6.46437163248943e-33
7275059720.417147 2.225196770955831e-33
8365534248.451558 6.9519279617749655e-34
10077895249.109013 2.393025731180299e-34
13960568923.850756 1.1018063301097279e-34
24407966145.085358 3.792690190731959e-35
42673677168.114815 3.1241857136023993e-35
228058095292.76312 1.7462453520014815e-35
1110434225672.1257 1.9240241827600798e-35
