9.39871 -0.0783082 -0.0608281 9.39819 0.903702 -0.00490673 0.00437561 0.903678 16.1258 1.76229e-11
0.209677 -0.0263887 -0.069542 0.196041 0.167094 -0.0187409 0.0346666 0.162379 16.0791 1.01703e-09
4.87039 0.0699906 -0.0157465 4.86986 1.35071 -0.0136396 0.0464479 1.34984 10.6736 1.41223e-11
0.066882 -0.00726834 0.0653502 0.0122362 0.0637872 0.0193556 -0.0228081 0.0563355 25.2095 2.93784e-09
0.158071 -0.0419005 -0.00475945 0.152342 0.173865 0.037224 -0.0197626 0.168679 7.65615 6.7504e-10
0.193344 0.00833607 0.01415 0.192645 2.24188 0.499369 0.21812 2.17465 9.53477 1.32009e-11
1.56474 -0.0697258 -0.0831517 1.56097 0.989861 -0.0145169 -0.0243275 0.989455 11.6993 1.48846e-11
0.0887675 0.0275565 -0.0257204 0.0803665 1.86865 0.0844474 -0.24213 1.85097 11.1316 1.44699e-11
0.969084 -0.325437 -0.199421 0.890755 0.158308 -0.00954041 -0.0530215 0.148858 2.75301 4.82172e-12
0.418764 0.338526 -0.167229 0.1811 0.0169924 0.00585341 -0.0158364 0.00185134 15.9561 1.74969e-09
1.03407 0.0438874 -0.296195 0.989764 0.0102697 -7.21196e-05 -0.00605225 0.00828082 5.52643 9.0636e-12
2.72537 -0.0271519 -0.183149 2.71907 1.46723 0.0535682 -0.0899232 1.46349 8.22407 1.20231e-11
0.296584 0.0173555 -0.110728 0.274591 0.0385346 0.0345051 0.00366281 0.0167523 3.80963 6.6332e-12
0.11173 -0.0754028 0.0384611 0.0729298 0.267417 -0.0681882 -0.0528786 0.253112 8.33265 1.21261e-11
5.81211 -0.121303 0.141106 5.80913 3.08034 -0.0905444 0.0629736 3.07836 12.6386 1.55337e-11
0.241673 0.0783992 0.0126364 0.228254 1.94667 0.708239 0.422987 1.76324 13.235 1.39627e-09
1.0049 0.0924591 -0.214344 0.977414 1.51442 0.0485231 -0.279517 1.48761 15.2231 1.71235e-11
0.0380599 0.0104681 -0.018973 -0.031289 0.0861181 -0.0161645 -0.0123039 0.0836862 4.38353 2.78359e-10
0.173203 0.0307781 -0.0660194 -0.157141 0.0288348 -0.00065366 -0.0252189 -0.0139559 9.60176 9.24567e-10
0.321922 -0.0411867 0.0359508 0.317246 2.88344 -0.0104773 0.172406 2.87827 7.49084 1.12991e-11
0.0530113 -0.00625191 -0.030688 0.042771 0.0443913 0.00529701 0.0426625 0.0110533 10.3406 2.46685e-10
0.0632429 0.0218411 0.00570791 0.0590767 1.00236 -0.0357563 0.140258 0.991858 6.73788 5.59367e-10
0.0712987 0.0117925 -0.0172573 0.0681662 2.2689 -0.0313932 0.0780921 2.26734 7.23738 1.10363e-11
0.737535 -0.0881953 0.154896 0.715672 1.17336 -0.0020361 0.213181 1.15383 9.49252 1.3165e-11
0.197794 -0.114766 0.114429 0.11339 0.0179641 -0.00417817 -0.00880053 -0.0150846 9.47855 1.90969e-10
1.60745 0.174459 0.13543 1.5922 0.769385 0.165715 0.0644182 0.74856 7.95983 1.17678e-11
1.02867 0.238265 -0.0600317 0.99889 0.0385432 0.0204365 -0.0129032 0.0300195 5.45624 8.97434e-12
0.338004 -0.210683 0.0981184 0.245423 0.210958 0.144865 -0.151874 -0.0212474 8.63836 1.94006e-10
0.026619 0.0183652 0.00142182 0.0192163 0.741669 0.0506631 -0.0715774 0.736467 6.13975 9.81424e-12
0.148411 -0.0518079 0.0813688 0.112787 0.201138 -0.0544253 0.0532686 0.186162 10.8142 1.08163e-09
0.0480874 0.0410472 -0.00614858 0.0242843 0.0356917 -0.0258897 -0.0223166 0.010263 5.33459 3.92503e-11
0.496976 -0.0293907 -0.123011 0.480613 1.24635 -0.176405 -0.444762 1.15085 22.6981 6.54946e-10
1.11146 0.19839 -0.012087 1.09354 0.0842702 0.0286271 -0.0113813 0.0784357 14.0095 1.64099e-11
0.0724197 -0.0121795 0.0543366 -0.0463013 0.014613 -0.00802336 -0.0121008 -0.0015742 10.232 2.14217e-10
0.600534 -0.132872 0.052768 0.583268 0.359892 -0.0339037 0.0103672 0.358141 15.0037 1.62633e-09
0.339882 0.0210648 -0.157377 0.300514 0.0559592 0.0155917 0.0211552 0.0494017 6.67123 5.51058e-10
1.93178 0.277794 -0.0545415 1.91092 0.467869 0.0247437 0.00837767 0.467138 20.8814 1.98875e-11
0.177357 0.0771125 0.0313229 0.156614 0.100284 0.0184398 0.0133114 0.0976694 5.68329 9.26073e-12
0.46896 -0.106977 0.0351259 0.455242 2.49429 -0.27589 0.270063 2.46423 11.4362 1.46945e-11
1.28437 0.240165 0.16504 1.25087 0.661941 0.146391 0.00174423 0.645548 32.4382 2.38144e-11
0.245216 -0.035845 -0.0557746 0.236083 0.812465 -0.256351 -0.0340828 0.770208 12.7013 1.55756e-11
0.266316 0.0539804 -0.0356437 0.25834 0.214543 0.116652 0.0305472 0.177447 2.59243 2.39811e-11
0.764807 -0.143165 -0.221343 0.717942 0.381167 -0.0296151 -0.103169 0.365742 23.7036 2.10118e-11
2.34768 -0.115446 0.0430938 2.34444 0.180407 -0.00588318 0.00790178 0.180137 13.1323 1.58587e-11
0.14784 0.107756 -0.100873 -0.00835143 0.0406145 0.00684688 -0.0391595 -0.00830261 8.9009 4.99294e-10
0.342412 0.00709519 0.0319061 0.340848 0.764927 -0.0536201 -0.00255069 0.763041 26.7171 2.20786e-11
0.516735 0.0830345 -0.181504 0.47663 0.306044 -0.0164463 -0.0444642 0.30235 11.282 1.1424e-09
4.99043 -0.0354797 -0.0718702 4.98979 0.113642 0.0112568 -0.0135061 0.112272 8.95594 1.26977e-11
1.11604 -0.118315 -0.119993 1.10325 0.426045 0.0190616 -0.0462825 0.423094 10.2876 1.38196e-11
0.624467 -0.0411954 -0.0373515 0.621986 0.589443 -0.0257083 -0.105425 0.579368 7.38831 1.11936e-11
2.1628 -0.00100155 -0.136811 2.15847 0.429549 -0.0490086 -0.0171842 0.426398 27.9109 2.24693e-11
0.0888894 -0.048872 0.0547344 0.0501697 0.0768134 -0.0462017 -0.00753606 -0.0608987 6.11752 4.80649e-11
0.0436896 0.0230538 -0.0166753 0.0331548 0.111804 -0.0536969 -0.0296457 0.0934752 7.43889 6.47504e-10
1.55519 0.247649 0.190476 1.52348 1.00927 0.257547 0.119333 0.968532 18.4237 1.18256e-09
0.145311 -0.00625927 -0.0822636 0.119619 0.753763 -0.0558718 -0.176323 0.730717 12.9001 1.35272e-09
0.0390427 -0.00353395 -0.030758 -0.0237864 0.0860112 0.00700678 -0.001022 0.0857178 25.9493 3.03182e-09
5.07002 0.234912 -0.373575 5.05078 0.750095 0.0741583 -0.0644203 0.743634 13.5838 3.35385e-11
0.340143 -0.0135982 -0.0278195 0.33873 0.376521 -0.0984553 0.0171147 0.363017 7.54295 1.35777e-10
0.03046 -0.0188744 -0.0119718 -0.0206941 0.0190996 -0.00455969 0.00836083 0.0165481 16.4212 3.51804e-10
0.449981 0.0110507 -0.106266 0.437114 0.015634 0.00294109 -0.00323273 0.015002 3.80923 6.63257e-12
0.463969 0.0703742 -0.112558 0.444573 1.60019 0.166523 -0.187388 1.58043 15.5899 1.73293e-11
1.2937 0.0949093 -0.0896799 1.2871 0.120048 0.0472197 -0.00366828 0.110309 25.7094 2.17352e-11
0.328611 -0.0758857 0.20169 0.248089 0.0715951 0.0217126 0.0408652 0.0546278 15.2507 1.71391e-11
0.0358433 -0.0224388 -0.0200825 -0.0194405 0.0383534 -0.00230288 0.0219343 0.0313736 11.4312 1.16179e-09
0.0579398 -0.0283311 0.00694864 0.0500608 1.00213 -0.10784 -0.17937 0.980027 10.5889 1.05237e-09
0.52399 0.0659982 0.0430703 0.518029 0.846834 0.211684 0.165212 0.803132 9.82259 1.34422e-11
0.543525 0.303883 -0.373583 0.252012 0.347202 0.133071 -0.244251 0.207804 10.2162 1.00404e-09
6.40913 -0.143483 -0.095277 6.40681 2.7477 -0.123754 0.0022083 2.74491 16.3571 1.77465e-11
0.0905792 -0.0594268 0.0676009 -0.0101565 0.119275 -0.0851331 0.0212101 -0.0808013 25.9439 1.84729e-10
1.20553 -1.49795e-05 -0.191081 1.19029 1.147 -0.10915 -0.191191 1.12567 4.66563 7.91263e-12
0.461014 -0.136901 0.342267 0.276849 0.480031 -0.107908 0.268784 0.382806 10.0653 1.9713e-10
0.259089 0.171075 -0.0179386 0.193749 0.133706 0.0253196 0.00973478 0.130924 15.967 1.7511e-09
0.165323 0.0742886 0.10279 0.106052 0.0088262 -0.00341294 0.00283275 0.00761374 14.3275 1.53836e-09
0.998558 0.0109127 0.149984 0.987169 0.350525 -0.031576 0.00680496 0.349033 7.70596 1.15167e-11
12.2904 0.0553516 0.0977551 12.2899 0.539244 0.0212182 0.0157662 0.538595 20.3289 1.96509e-11
1.83721 -0.0712481 -0.315322 1.80854 0.147538 -0.0180895 -0.0172606 0.145403 10.2538 1.37926e-11
0.329541 0.0764236 0.0623686 0.314431 0.0384462 0.000623713 0.0265806 0.0277656 23.3739 2.08874e-11
1.39949 0.209041 0.145906 1.37608 0.42047 0.0098857 -0.00102278 0.420352 5.1043 8.51471e-12
0.325877 0.215677 -0.0294709 0.242509 0.131342 0.128644 -0.000430922 0.0264773 12.5757 7.6629e-10
0.151642 0.02175 0.121866 0.0875833 0.0878761 -0.00222298 -0.00228046 0.0878169 7.88081 7.03601e-10
5.04144 -0.0582167 0.0823373 5.04043 0.835507 -0.0358872 -0.0114289 0.834657 11.9158 1.50383e-11
1.94293 0.00105927 -0.0277356 1.94273 0.245651 0.0225188 0.00242846 0.244604 25.43 2.16376e-11
7.28629 0.333404 0.166807 7.27675 0.286086 0.00472818 0.0121838 0.285787 15.5781 1.73228e-11
0.418899 -0.00299552 0.0402181 0.416953 0.19279 0.00857939 0.00238783 0.192584 10.0951 1.3665e-11
0.107848 -0.0800591 0.0104045 0.0715091 0.0359797 0.0280048 -0.00107812 0.0225576 4.54352 7.7389e-12
0.22395 -0.120631 0.00180214 0.188676 0.0560756 -0.0217098 -0.0182322 0.0483786 3.02838 5.32186e-12
0.0818423 0.0303274 0.0171451 0.0740572 1.51039 0.219697 0.107234 1.49047 6.09033 9.75576e-12
3.1801 -0.15687 0.300276 3.162 1.50127 -0.0866059 0.220677 1.48244 16.6165 1.7883e-11
1.90226 0.0601117 -0.0649558 1.9002 1.53395 0.135564 -0.0419515 1.52737 6.09254 9.75838e-12
0.114879 0.00431972 0.0430578 0.106417 0.0540761 -0.0471209 -0.0263997 -0.00257819 12.823 1.34271e-09
0.480398 0.119372 -0.0457935 0.463072 0.0819332 0.0149887 0.0376385 0.0712142 19.7605 1.94009e-11
1.55947 0.0475611 -0.0481975 1.558 6.37277 0.147294 0.059692 6.37079 15.6648 1.73709e-11
1.4655 0.148715 -0.0506768 1.45706 0.383796 0.0407688 0.0141232 0.381362 6.49772 1.02286e-11
1.19788 0.0326523 0.0444281 1.19661 5.21246 0.389112 0.0875851 5.19718 13.2987 1.59655e-11
4.5394 -0.538927 0.340307 4.49443 0.184144 -0.0146479 0.0394588 0.179268 26.5096 2.20089e-11
0.194648 -0.0365441 -0.0840814 0.171706 0.28025 0.00891832 0.00413919 0.280077 5.97464 4.65131e-10
0.369584 0.0326168 -0.013394 0.367899 0.0340011 -0.00935168 0.0100203 0.031112 2.87341 5.04296e-12
0.429549 -0.108558 -0.285111 0.30239 0.0566626 0.0210247 -0.0105036 0.0515561 7.0264 5.95489e-10
0.613028 0.266921 -0.0395927 0.550444 0.2726 0.15049 0.0603323 0.219142 26.7662 2.2095e-11
0.621186 -0.0520489 -0.0496649 0.617006 3.14633 -0.115626 -0.0541246 3.14374 8.79849 1.2556e-11
1.3784 0.0739537 -0.021052 1.37625 0.21318 0.0424919 -0.00820249 0.208741 6.63496 1.03833e-11
1.19458 -0.0112129 -0.255053 1.16698 0.29053 -0.0305304 -0.0387169 0.286315 3.36447 5.90444e-12
0.107804 -0.0202163 0.0162708 0.104634 0.554891 0.00628553 0.0478681 0.552787 26.2364 2.19164e-11
0.889681 0.021922 -0.0750083 0.886243 0.0719371 -0.0110117 -0.00175431 0.0710658 11.6472 1.48472e-11
1.13795 -0.235491 0.175245 1.09944 1.17181 0.0664838 0.194263 1.15368 10.3906 3.98701e-11
0.209575 0.069004 -0.0422308 0.193331 0.0180287 0.00212596 0.00349595 0.0175509 4.45093 7.6053e-12
0.035935 -0.00890256 0.00463009 0.0345055 2.91335 0.180546 -0.223437 2.89915 6.05006 9.70786e-12
0.336747 -0.0657128 0.00925495 0.330143 0.692415 -0.0464896 0.0541312 0.688728 9.80142 1.34247e-11
0.080634 0.0681805 0.0153822 0.0402075 0.165574 0.0217193 0.0504665 0.156192 6.86801 1.06408e-11
0.0787953 0.041391 -0.0543253 0.0392968 0.0212432 0.00246544 0.000167932 0.0210928 20.5105 2.33742e-09
0.74715 -0.316652 0.0473204 0.675074 0.124573 -0.0174376 0.0326047 0.118959 3.72715 6.5017e-12
2.73725 -0.304955 -0.345851 2.69813 1.3029 -0.0761293 -0.109527 1.29605 12.4436 1.54023e-11
0.0789749 -0.0609874 0.0201965 0.0459312 0.0208635 0.00707699 0.00424595 0.019155 10.2926 2.02694e-10
0.177713 0.070692 0.027182 0.160766 0.0360542 -0.0204992 0.0293496 0.00424611 14.715 1.58879e-09
0.765003 0.0211223 -0.0549033 0.762738 0.0353983 -0.00307233 0.0221114 0.0274668 9.90834 9.64198e-10
0.0755881 0.0238451 -0.0410537 0.0588181 0.0507281 -0.00465117 0.0504686 -0.00208909 12.9399 1.44001e-11
0.126353 -0.0116585 0.0184748 0.12445 2.58288 -0.130627 -0.0771629 2.57842 19.3978 1.92376e-11
0.507306 0.0989754 0.0922397 0.488933 0.87421 0.159758 0.0889442 0.854873 15.9951 1.75522e-11
0.940999 0.0660073 0.0515904 0.937262 0.111463 -0.00103282 0.0255945 0.108479 21.7659 2.02546e-11
0.0426237 0.0145961 -0.0146826 0.0372579 0.86642 0.142203 0.247482 0.818055 15.6833 4.1261e-10
0.667061 -0.0994984 -0.187275 0.632454 0.0829044 0.00760558 0.0196054 0.0801914 15.8997 1.7424e-09
0.283265 -0.0573804 0.0775378 0.266335 0.132557 0.00911454 0.0481008 0.123184 10.3478 6.04785e-10
0.128311 0.0359673 -0.0372491 0.117399 0.249122 0.0263863 -0.0303975 0.245848 9.78568 1.34117e-11
0.726253 -0.334117 -0.192361 0.615472 0.173855 0.0336454 0.121419 0.119794 19.2453 2.17458e-09
2.58267 -0.049352 -0.0189804 2.58213 2.307 -0.0141729 -0.13078 2.30325 12.2502 1.52706e-11
0.0859215 0.0195177 0.0319393 0.0773398 0.503799 -0.0395395 0.0661011 0.497876 7.34862 2.45645e-11
0.421914 0.0997501 0.0725988 0.403474 0.231572 0.0452924 0.101747 0.203031 15.298 9.61481e-10
6.90651 0.595984 -0.69743 6.84531 0.0211149 0.00446965 -0.00780704 0.0190959 15.8265 1.90179e-10
3.94066 -0.0155819 0.0421543 3.9404 5.62772 0.0400154 -0.0667132 5.62719 31.7585 1.06064e-10
0.0779022 0.0372317 0.0282693 0.062317 0.0397287 -0.0253981 -0.00771404 0.0295557 7.81215 6.94864e-10
0.0127393 -0.011917 0.00421374 -0.00158745 0.4822 0.244398 0.274881 0.311811 4.68669 3.21124e-11
0.104605 -0.00959469 -0.00924054 0.103754 0.176156 0.0347097 -0.00668866 0.172572 5.47466 7.93964e-11
1.33966 -0.338739 0.00431354 1.29612 0.178106 -0.0504828 -0.0101487 0.170499 6.62813 1.03757e-11
0.380515 -0.0501798 -0.0696336 0.370709 1.09033 -0.0267932 -0.102064 1.08521 10.5876 1.40557e-11
0.32696 0.0564699 -0.0885464 0.309635 0.0241544 0.00134127 -0.000911274 0.0240946 6.98006 1.07623e-11
0.772438 -0.0899875 0.154685 0.751422 3.29374 -0.477607 0.449082 3.22783 10.3003 2.16354e-10
0.411894 0.180807 -0.052021 0.366414 0.402224 0.102402 -0.0335177 0.387523 10.6015 1.40665e-11
0.373779 0.0647769 -0.0787542 0.3596 0.00507228 0.000679552 -0.00178794 0.00467006 8.43006 1.22175e-11
0.355706 0.0688659 -0.0132005 0.348726 1.07561 0.0105841 -0.126873 1.06805 20.1711 1.95822e-11
13.0693 -0.112747 0.0291864 13.0688 0.354209 0.0139017 -0.00705195 0.353866 21.554 2.0168e-11
0.119825 0.0992294 -0.0665663 -0.00897323 0.0222541 0.0115368 0.015096 0.0115758 6.25285 1.04772e-10
2.89533 0.0700847 0.0954623 2.89291 2.81959 -0.0428548 0.0728858 2.81832 15.2266 1.71255e-11
0.312119 0.119975 0.0235273 0.287177 0.982006 0.177754 0.0986375 0.960734 19.2105 1.91522e-11
0.47328 0.0708141 0.0610087 0.463958 0.289529 0.123076 -0.00244477 0.262055 21.685 2.48806e-09
2.6593 0.216224 0.273628 2.63634 0.65175 0.0168883 0.0735268 0.647369 22.1587 2.0413e-11
0.930632 0.178925 0.126914 0.904409 0.498633 0.0454381 0.0441834 0.494589 10.3786 1.38919e-11
0.225922 0.104979 0.0338352 0.197169 0.437644 0.0967554 0.0919597 0.416789 8.2916 7.29957e-11
7.99594 -0.0451332 -0.00295932 7.99581 0.703064 -0.0236364 -0.0171464 0.702457 17.1596 1.81632e-11
0.665655 0.141391 0.498461 0.417902 0.0788769 0.0168708 0.0284002 0.0716248 17.6957 4.74802e-10
0.986157 -0.0561181 0.0720474 0.981919 0.627084 -0.0523745 -0.0253576 0.624378 5.25308 8.7115e-12
2.29521 0.0969796 0.267593 2.27749 0.871054 0.0564856 0.0501732 0.867771 7.93508 1.17436e-11
3.17095 -0.0617159 0.0952214 3.16892 0.476773 0.00221106 0.0447802 0.47466 6.54875 1.02864e-11
10.7993 -0.112466 -0.122508 10.798 1.72829 -0.015252 -0.00601449 1.72821 32.832 2.39225e-11
0.184133 -0.0167079 -0.0469811 0.177253 0.0231888 -0.00820746 -0.00678519 -0.0205927 16.95 8.05213e-11
0.546375 -0.0830937 0.151657 0.518287 0.137832 -0.0161831 -0.0103134 0.136489 15.6523 1.7104e-09
0.212249 0.19472 -0.0130354 0.0834488 0.00652379 -0.00230132 0.00182166 0.0058039 12.4053 1.28837e-09
1.18187 -0.323428 -0.108582 1.13156 0.181765 -0.0900147 0.00363249 0.157869 21.8702 2.02969e-11
0.137154 -0.0286997 -0.0282896 0.131101 2.34743 0.0501002 -0.50777 2.29131 17.1876 1.81775e-11
2.18578 -0.104272 -0.333629 2.15765 0.091091 0.00793835 -0.0027143 0.0907024 10.7762 1.42012e-11
0.777856 -0.0772035 -0.0868929 0.769122 1.03656 -0.0463133 -0.00559872 1.03551 9.856 1.34698e-11
6.80156 -0.0157099 -0.0733115 6.80114 0.25542 -0.0142 -0.00126581 0.255022 8.22463 1.20237e-11
0.351158 -0.0129805 0.0349319 0.349175 1.12636 0.132736 0.172074 1.10519 4.58968 7.8049e-12
0.0775814 -0.0461275 0.006648 0.0620236 0.058625 0.0308505 0.0471381 -0.0162138 10.2389 1.00698e-09
0.0740617 0.0733305 0.00100822 0.0103325 0.0126429 -0.00371309 -0.00133438 0.0120006 15.1828 6.18557e-11
0.169382 0.106361 -0.00996541 0.131447 0.179408 0.0747269 0.0542369 0.153822 20.05 1.95291e-11
0.471506 0.0764721 -0.0843756 0.457548 0.0918473 0.0103537 -0.0166852 0.0897222 6.0501 9.70791e-12
0.768614 -0.118493 0.15742 0.74293 0.423522 -0.112908 0.153164 0.378369 8.41941 4.6415e-10
0.578457 -0.0239917 -0.00813477 0.577902 0.121253 0.00554923 -0.0387273 0.114767 10.89 2.1729e-10
0.920686 0.239245 -0.0221393 0.888782 0.0933788 0.0194618 -0.0277994 0.0869929 25.0604 2.91888e-09
1.32924 0.57331 0.241042 1.17477 0.0385025 0.00667691 -0.00244227 0.037837 38.3504 4.58728e-09
0.0560152 -0.0367567 -0.031507 0.0281772 0.577677 -0.259628 -0.0126448 0.515891 4.30336 3.61073e-11
0.594495 -0.0990811 -0.314596 0.494607 0.809324 -0.0890956 -0.325435 0.735635 12.4887 1.29922e-09
0.136022 -0.00569206 0.0871477 -0.104282 0.0720831 0.063963 0.0324345 0.00724228 4.57196 5.79466e-11
1.40096 0.0768927 -0.0166071 1.39875 0.00778024 0.00534376 0.00533277 0.00181048 2.35053 4.05178e-12
0.069577 0.0538439 0.0251437 0.0361882 0.197479 -0.00576875 0.164152 0.10963 9.45834 5.3997e-10
0.625226 -0.0343538 -0.0147613 0.624107 0.0467215 0.00826704 -0.0132413 0.0440336 23.9705 2.11112e-11
0.581637 0.280203 -0.209173 0.464795 0.133836 0.0526454 -0.0393298 0.116591 5.52246 2.54493e-10
0.0280556 0.0116002 0.000995156 0.0255257 1.69244 -0.171632 -0.0161394 1.68364 21.4359 2.21451e-10
0.0552509 -0.0317137 0.000377251 0.0452411 0.445109 0.0790539 -0.0150145 0.437775 1.59659 2.49649e-12
1.03794 -0.400644 -0.0822724 0.953959 0.0580881 -0.0376754 0.000721568 0.0442042 12.0319 1.23982e-09
0.147842 0.0639652 -0.0155091 0.132383 0.317988 0.053942 0.13852 0.281103 15.6685 1.71249e-09
0.310921 -0.0447744 0.0299338 0.306221 0.0118397 0.00609247 -0.00491705 0.00886691 11.7158 1.35839e-10
0.39937 0.0260267 -0.0934585 0.387408 0.00903411 -0.00759845 0.00285712 0.00393135 14.9569 1.69716e-11
0.0415442 -0.029784 0.00362432 0.0287349 0.215326 0.0260737 0.0797407 0.198309 6.05866 4.75408e-10
0.406438 -0.0299343 -0.0412567 0.403229 0.0689841 0.00866526 0.00271261 0.068382 27.3135 2.22759e-11
0.0631407 0.0187394 0.019567 -0.0570326 0.0620656 -0.000388347 -0.0577213 0.0228031 13.2844 5.71112e-11
7.09275 0.0980219 0.352703 7.0833 0.932671 -0.0139435 0.0424099 0.931601 16.5184 4.25829e-10
1.68078 0.350421 0.399932 1.59445 0.869158 0.125641 0.150626 0.846735 21.5347 1.39962e-09
0.0870614 0.00326746 -0.016032 0.0855101 0.256792 0.0323464 0.033422 0.252544 3.89493 6.76745e-12
0.321038 -0.0150702 0.107942 0.301971 0.283445 0.0618349 0.00726246 0.276522 14.9905 1.69909e-11
0.0399062 0.0151109 -0.0219739 0.0296869 0.352436 -0.119507 0.0532208 0.327256 5.13187 8.55145e-12
1.24408 0.0069767 0.063442 1.24245 1.41758 0.0219323 0.0225594 1.41723 13.0709 1.5819e-11
1.96553 0.0984495 0.384441 1.92505 0.689148 -0.00851102 0.146312 0.673384 16.4143 4.3523e-10
0.385992 -0.090529 0.0350311 0.373587 2.67653 -0.314813 0.196106 2.65071 25.8848 2.17959e-11
2.87617 -0.100613 0.146288 2.87068 2.47023 -0.167411 0.063921 2.46372 10.1703 1.37257e-11
0.173332 -0.0358468 0.0259471 0.167588 0.0874541 -0.00487426 -0.00644037 0.0870788 2.44263 4.23222e-12
1.06144 0.0604259 -0.258911 1.0276 0.951196 0.128138 -0.134219 0.93292 10.3271 6.03279e-10
0.269363 -0.0748602 0.0334144 0.256585 0.844514 -0.150271 -0.03151 0.83044 7.49897 1.13074e-11
0.10797 0.0120682 0.0281314 0.10354 0.0458602 0.00769813 -0.00910663 0.0442799 14.5685 1.67455e-11
0.195958 -0.0357452 0.0593025 0.183317 0.378512 0.107025 0.0862162 0.352681 11.2355 1.45471e-11
0.68511 -0.0350276 0.0347302 0.683332 0.883089 -0.0105729 -0.0485139 0.881692 6.59661 2.25995e-11
0.953817 0.0248647 0.103734 0.947834 2.61405 -0.137089 0.329583 2.58956 13.2599 1.59407e-11
0.176044 -0.122137 -0.00436796 0.126708 0.066016 -0.00589993 0.00633914 0.0654436 7.89666 1.71216e-10
1.45457 0.107896 0.676741 1.28302 0.249491 0.0507704 0.0799072 0.23083 10.0773 1.36506e-11
0.807785 -0.201126 0.0490545 0.780807 0.319382 -0.131086 0.041557 0.28826 4.95941 8.31951e-12
0.898644 0.0235094 0.122314 0.88997 0.317647 0.0263955 -0.0049821 0.316509 3.69928 6.45685e-12
0.633683 -0.123462 -0.0238538 0.621082 0.668873 -0.0369312 -0.0343714 0.666968 38.5883 2.53725e-11
0.900572 0.0625773 0.0427354 0.897379 0.250286 0.0567986 0.0364254 0.241019 19.9119 1.95297e-10
0.450161 0.117466 0.0368911 0.432997 0.155991 0.0371099 -0.0515391 0.142477 14.6403 1.67876e-11
0.700601 -0.159967 0.0331834 0.681287 0.325499 -0.0351404 0.0374636 0.321421 19.907 1.9466e-11
0.0895809 -0.0211875 0.0295788 0.0818592 0.0644346 -0.0491944 0.0259432 0.0325334 17.7203 1.84445e-11
0.60061 -0.274237 0.0303218 0.533486 0.248746 -0.105126 -0.046643 0.220562 16.2815 1.77063e-11
0.219178 0.0255066 0.031668 0.215373 0.664619 -0.109751 -0.0299203 0.654811 10.7483 1.07306e-09
0.220404 0.033746 0.0558011 0.210536 2.32735 0.141466 0.223317 2.31229 5.13949 8.56158e-12
0.0817518 -0.0244205 -0.0183145 -0.0758392 0.0137253 0.0104412 0.00216591 0.00862642 10.3235 9.64049e-11
0.12783 -0.0627306 0.0607406 0.0933598 0.0675215 -0.00412391 0.00678303 0.0670513 12.6865 1.32495e-09
0.0822016 0.0604725 -0.0024815 0.0556239 0.044887 -0.010976 0.00517239 0.0432129 0.87345 1.1125e-12
0.165359 -0.0821705 0.0699693 0.125283 0.0068167 0.00409551 0.00307824 0.00446749 6.54085 1.02775e-11
0.153202 -0.0313796 0.0555676 0.139278 0.285115 -0.024654 -0.0293858 0.282522 22.8979 2.07044e-11
0.495147 0.215256 -0.077291 0.439159 0.0486985 0.00508326 0.0057348 0.0480891 15.035 9.42736e-10
4.06726 -0.167278 -0.0967505 4.06266 4.53469 -0.0930608 -0.18177 4.53009 19.0506 1.90787e-11
0.964098 0.16502 -0.0330871 0.949294 0.288744 0.0687993 -0.0339766 0.278361 20.8951 1.98933e-11
0.016728 0.0164482 -2.97071e-05 0.00304661 0.586295 0.0219732 0.314764 0.494148 11.2834 1.14258e-09
4.00706 -0.374471 0.289236 3.97903 0.898873 -0.0531447 0.0208043 0.897059 10.5715 1.40432e-11
3.82616 0.316102 -0.170289 3.80928 1.98009 0.181509 -0.127689 1.96761 10.6542 1.41073e-11
0.660855 -0.0716494 0.291918 0.58854 0.150058 0.00159327 0.025041 0.147945 17.3609 1.93139e-09
0.949917 0.0266041 -0.0977413 0.944501 0.774888 -0.00464689 -0.0313194 0.77424 7.65329 1.14639e-11
0.484809 -0.0948552 0.446514 0.163305 0.157045 -0.0646196 0.101167 0.101254 12.282 1.27234e-09
0.116739 0.0194819 0.0144715 0.114189 0.106286 -0.0607764 0.0156981 0.0857681 11.7589 1.12882e-10
1.65071 -0.0331002 0.130932 1.64517 0.11761 0.0202985 -0.00668298 0.115651 16.6395 1.7895e-11
0.0170667 0.0119352 -0.00270385 0.011896 0.340191 -0.0174086 -0.0939316 0.326502 8.77808 1.25375e-11
0.312169 -0.172084 0.0310187 0.2586 0.0606927 0.0132393 0.0321928 0.0497161 1.95172 3.24294e-12
4.5231 0.0815286 0.232493 4.51639 1.84314 0.00184345 0.0352607 1.8428 17.4944 1.83323e-11
0.178452 -0.0192214 -0.0358715 0.17375 0.175715 -0.0144503 0.0223146 0.173692 8.72731 8.1187e-10
0.230174 -0.061447 -0.215962 0.0506423 0.274085 -0.0261867 -0.200946 0.184546 11.9039 1.2232e-09
0.037757 -0.0340491 -0.0162793 0.00111187 0.058738 -0.00165915 -0.0287289 0.0512034 2.93396 5.15272e-12
0.662837 -0.0902873 0.00797167 0.656611 0.187994 -0.019441 -0.0252471 0.185273 25.9378 2.18141e-11
0.414332 -0.170514 -0.247923 0.284834 0.0278058 -0.0260749 -0.00753714 -0.00601618 14.9049 1.69416e-11
1.21093 -0.236827 0.0671714 1.18565 0.109927 -0.0223314 0.0267689 0.104251 9.77238 1.34006e-11
0.60478 0.0246736 -0.0628482 0.600999 0.413211 -0.0313263 0.00401479 0.412002 2.82454 4.95364e-12
1.05914 -0.087399 0.0901321 1.05167 1.1157 0.00843988 0.0130284 1.11559 5.78774 9.39016e-12
0.290504 0.037416 0.0250616 0.286992 0.729893 -0.0380352 -0.0611444 0.726332 6.07426 9.73667e-12
0.0992129 0.0159724 -0.0978271 -0.004236 0.0500468 0.0239816 0.0296305 0.0324243 3.27358 1.03675e-10
1.09756 -0.114258 0.0847132 1.08831 0.129103 -0.0122147 0.0340086 0.123941 5.32533 8.80575e-12
0.266258 -0.111338 -0.228483 0.0793269 0.0321819 0.0153167 -0.0282422 0.00178657 9.95735 9.70538e-10
0.450321 0.00700826 -0.10391 0.438113 0.140262 0.0453554 -0.0320087 0.128807 19.3303 1.92069e-11
1.1401 0.0186303 0.0221782 1.13974 8.49022 0.124465 -0.174967 8.4875 12.8303 1.56613e-11
0.0795894 0.0638464 0.0326716 0.0345062 0.115437 0.0327494 -0.0619781 0.0917145 19.4337 2.37023e-10
0.696944 0.0597323 -0.0500636 0.692572 1.03483 0.195375 -0.125998 1.00838 6.45643 1.01816e-11
0.241576 0.128303 0.0551833 0.19711 0.047723 0.0399015 -0.00701705 0.0252162 21.0138 1.99433e-11
0.282057 0.103418 -0.0961295 0.244171 0.152021 -0.00823531 -0.0266257 0.149443 10.1449 1.37052e-11
1.34735 0.0750717 -0.0800032 1.34288 0.761216 0.0950707 -0.0149144 0.755109 5.95081 9.58885e-12
2.36648 -0.291252 -0.0209697 2.3484 0.587707 -0.120037 0.0155899 0.575106 17.8151 4.78482e-10
0.267273 0.0209436 -0.00470927 0.26641 5.14708 -0.117291 -0.069431 5.14528 15.7439 1.74146e-11
1.27133 0.0540377 0.0130402 1.27011 0.0964008 0.00841915 -0.0115763 0.0953308 3.81945 6.64874e-12
0.488879 0.078969 -0.1736 0.450144 0.117997 0.11369 0.0171215 0.0265405 15.175 1.64856e-09
0.642278 0.0361072 -0.0210822 0.640915 1.58852 -0.017723 -0.0657472 1.58706 11.1645 1.44943e-11
0.103957 0.0819947 0.063872 -0.00207022 0.0877231 -0.00230301 0.0419188 0.0770233 10.6589 6.27423e-10
0.0159161 0.00830138 -0.00489062 -0.0126686 0.265536 0.0868147 -0.0146666 0.250514 6.65271 1.04032e-11
0.210151 -0.0239387 -0.0578649 0.200605 1.17292 0.0984702 -0.275619 1.13582 9.97804 1.35699e-11
0.520283 0.0777771 -0.133189 0.496897 0.432376 0.0175891 -0.179359 0.393026 5.33876 8.82318e-12
1.05933 -0.0786145 -0.00824623 1.05638 0.238498 -0.0248994 0.00778726 0.237066 19.5587 1.93104e-11
0.363132 0.0874478 -0.00219702 0.352438 0.677462 0.0760844 -0.133167 0.659873 7.92407 1.17328e-11
0.160335 0.0236454 -0.00142876 0.158575 0.442403 -0.104474 -0.00586624 0.42985 3.70836 6.47148e-12
5.88158 0.222778 0.26013 5.8716 0.827269 0.0581923 0.0491391 0.823756 27.6919 2.23989e-11
0.492115 0.00286432 -0.0535927 0.48918 0.0361428 0.00631965 0.00626215 0.035027 11.4032 1.46704e-11
0.326154 0.0694149 0.040164 0.316141 0.0264844 0.00350425 -0.0239534 0.0107294 5.56144 9.10788e-12
0.336824 0.101973 0.248343 0.203415 0.0127838 -0.00188783 0.00391788 0.0120105 8.92597 1.26709e-11
2.17881 -0.26501 -0.411274 2.12317 0.516645 -0.059399 -0.121315 0.498675 17.9251 1.85451e-11
0.565301 -0.00669199 -0.155266 0.543519 0.77414 -0.129648 -0.160182 0.746208 9.86336 1.34759e-11
0.396515 0.0212066 0.140465 0.370194 0.000936363 0.00066451 0.000286828 -0.000304682 6.78361 1.37389e-10
0.340455 0.0747846 0.0177702 0.331664 0.085433 0.00756349 0.0145457 0.0838436 6.72304 1.04814e-11
5.42285 -0.124167 0.099785 5.42051 1.37986 0.0346203 0.0126287 1.37936 13.1045 1.58407e-11
0.887431 -0.0206381 -0.700616 0.544285 0.00987245 0.00651709 -0.00728825 -0.00127053 26.1242 3.05401e-09
1.58556 -0.195391 0.0870243 1.57107 1.25687 -0.228945 0.146604 1.22711 11.7523 1.49224e-11
0.713248 -0.211007 -0.16311 0.661508 0.154779 -0.0134549 -0.0175188 0.153194 9.86383 1.34763e-11
0.310494 -0.292813 -0.0264916 0.0998259 0.739618 -0.704359 0.123907 0.188573 22.6395 6.52702e-10
0.610732 -0.0267544 0.0734998 0.605703 1.59585 -0.079938 0.0583616 1.59278 10.4834 1.39744e-11
0.517223 0.16143 0.134908 0.472504 0.0211274 -0.00835486 -0.00324125 0.0191258 1.25535 1.81265e-12
0.0586956 -0.0225987 0.00233512 0.0541204 0.206085 -0.205307 0.0051871 0.0171192 15.529 1.69444e-09
0.914463 -0.134145 0.0888098 0.9002 0.695087 -0.0497063 0.0646149 0.690289 2.82454 4.95364e-12
2.35738 -0.0377114 0.204231 2.34821 0.240632 -0.00366308 0.0608604 0.232779 9.4004 1.30861e-11
0.316382 -0.0312238 0.0124922 0.31459 2.41836 -0.0973872 -0.102598 2.41422 14.3135 1.65939e-11
3.06122 -0.0755365 -0.0213961 3.06022 0.133334 -0.00575066 -0.00841215 0.132943 12.9515 1.57411e-11
0.0472583 -0.0379196 -0.0189842 0.0208578 0.0467601 0.0167279 -0.0286216 0.0329732 11.8931 1.50223e-11
1.95514 0.276124 -0.523329 1.86345 0.435414 0.0676217 -0.0806431 0.422504 18.3362 2.05738e-09
0.16377 0.135129 -0.0720325 0.0580674 0.0271188 -0.0141134 0.0181509 0.014371 11.8884 1.22118e-09
1.3864 0.0516758 0.0218016 1.38527 0.989163 -0.0226357 -0.0350693 0.988282 6.43153 1.01532e-11
0.463084 -0.049349 0.0157561 0.460177 4.45576 -0.126877 0.359034 4.43946 19.4704 1.92705e-11
0.539758 -0.342814 -0.102988 0.403993 0.115671 -0.062453 -0.0594158 0.0771299 17.0673 1.72976e-10
0.368374 -0.139292 0.0361898 0.339099 0.015454 0.0044018 0.00959624 0.011274 3.45344 6.054e-12
2.36962 0.160926 -0.0541343 2.36353 0.294036 0.00897308 0.008066 0.293788 10.4958 1.39841e-11
0.984502 -0.318357 0.114718 0.924518 0.0016414 -0.00133309 -6.48901e-05 0.00080794 5.17899 8.61396e-12
0.323774 -0.0274268 0.0531224 0.318207 0.0696028 0.019302 -0.019954 0.0638245 5.35817 8.84832e-12
0.267193 -0.0262311 0.071468 0.256117 2.03693 0.0476392 0.789313 1.87718 15.9838 1.75327e-09
0.660247 -0.0940386 -0.0609704 0.650666 3.71447 -0.219118 -0.319148 3.69424 16.429 1.77845e-11
0.760434 0.0610598 0.250283 0.715464 0.148131 0.0306538 0.0126381 0.144372 2.87499 5.04584e-12
0.625516 0.132161 0.19989 0.577796 0.470258 0.174854 0.19549 0.390324 17.7348 1.84517e-11
0.130765 0.00391846 0.0238866 0.128505 0.0212186 0.00883901 0.000428079 0.0192784 5.63882 9.20517e-12
0.0887282 -0.027079 0.0279807 0.0797276 0.113634 0.0736661 -0.0413489 0.0759993 3.85958 5.38471e-11
0.273823 -0.125993 -0.13951 0.199102 0.758183 0.0494021 0.370218 0.659803 15.843 3.37868e-10
1.34932 -0.321781 -0.0548865 1.30924 0.391042 -0.0378725 0.02253 0.388551 16.5649 1.7856e-11
1.73881 0.0223615 0.125173 1.73416 0.235737 0.00123979 -0.000829161 0.235732 9.03172 1.27651e-11
0.894597 0.1506 0.0444357 0.880709 0.210687 0.0662427 0.0165533 0.199316 7.24973 1.26059e-10
0.148099 -0.0785454 0.0343738 0.120757 0.0600827 0.0453973 0.028792 0.0268286 6.24167 3.05921e-10
0.441296 0.0587474 0.0478353 0.434745 5.45181 0.772342 0.126034 5.39535 15.6073 3.93572e-10
0.299892 -0.0213587 -0.0393139 0.296536 0.0459855 -0.0252096 0.00267316 0.0383632 31.6867 7.15011e-10
0.263934 0.0491282 -0.0169729 0.258765 0.0440356 -0.0108466 -0.0184457 0.0384836 39.7781 2.56451e-11
8.25861 -0.0781832 -0.236673 8.25484 2.85963 0.0496184 -0.0768526 2.85817 15.9471 1.75261e-11
0.0995883 -0.0168466 0.0395042 0.0898524 0.0485198 0.0405842 -0.0206615 -0.0167313 9.16621 2.10273e-10
0.668882 -0.0733607 -0.068823 0.661275 0.00367802 -0.00053923 -0.000845597 0.0035017 3.20183 5.62634e-12
5.70854 0.0216835 0.0174076 5.70847 2.53596 0.0122122 -0.0579783 2.53527 15.8237 1.74585e-11
2.03996 0.0558777 -0.00446334 2.03919 1.66605 0.00912062 -0.0516182 1.66522 11.0906 1.44392e-11
0.227572 0.16923 -0.03192 0.148767 0.0383209 -0.0160393 -0.0125069 0.0324739 1.63075 2.5681e-12
2.26473 0.294744 0.299764 2.22537 0.17398 0.0177041 0.00311564 0.173048 8.28035 1.20767e-11
3.94626 0.211697 1.03066 3.80341 0.959195 -0.0020498 0.220817 0.933429 14.1329 1.51304e-09
0.214207 -0.0679252 0.0139625 0.202672 0.0107003 -0.00485758 -0.00713138 0.00630749 8.57227 1.23493e-11
0.384259 0.00727411 -0.0408931 0.382008 2.24598 0.0968162 -0.541581 2.17756 7.45092 1.12582e-11
1.55627 0.12427 0.0801801 1.54923 1.253 0.0122597 0.0927635 1.2495 5.85107 9.46781e-12
0.603437 0.0662492 0.16032 0.577966 0.414374 0.0310859 0.0437436 0.410884 15.6904 1.73851e-11
6.9909 0.103572 0.0152832 6.99012 3.31872 -0.0290897 -0.00207474 3.31859 39.4431 2.5569e-11
3.78346 -0.578496 -1.28053 3.51286 0.108103 0.00406415 -0.040599 0.100106 15.1754 1.64862e-09
0.212923 -0.0916782 0.0796289 0.174901 0.209703 -0.025795 0.0250914 0.206591 17.5265 2.12345e-10
0.328658 0.0944898 0.195556 0.246669 0.0626422 -0.00473293 0.0476506 0.0403832 23.9339 2.77545e-09
0.84451 -0.157517 0.143836 0.817127 0.366524 -0.0834875 0.108747 0.339917 19.8317 1.94326e-11
0.312204 0.0776118 -0.0219903 0.301603 0.641384 0.0306067 0.0458344 0.639011 3.71127 6.47617e-12
0.0434975 -0.00261127 -0.0382156 0.0206102 0.0692495 0.0315054 0.0267502 0.0555614 7.65488 4.0838e-10
0.473215 -0.069996 -0.245763 0.398288 0.145218 -0.0219899 -0.0450009 0.136306 8.27216 4.53404e-10
1.45163 -0.179898 0.137392 1.43387 0.0055071 0.00258149 0.00083341 0.00476544 3.54385 6.20378e-12
3.89067 -0.114548 -0.281082 3.87881 2.68677 -0.141463 -0.12465 2.68015 12.5201 1.5454e-11
1.06143 -0.0174464 -0.233471 1.03528 0.344968 0.0390116 -0.037849 0.340658 9.14851 1.28679e-11
0.792321 -0.2132 0.0633328 0.760465 0.291899 -0.0853419 -0.0191813 0.278485 7.93954 1.1748e-11
0.0910265 0.0204114 -0.00278665 0.0886647 0.00601321 0.00438103 0.00395183 0.00104318 5.20383 8.00228e-11
0.19427 0.00465842 -0.0691153 0.1815 0.436034 -0.0905156 -0.0441045 0.424249 31.5299 2.35602e-11
0.39659 -0.157016 0.116005 0.345213 0.153046 -0.0979864 0.0542123 0.104319 10.2428 1.0075e-09
0.260596 -0.0375507 0.0923008 0.240791 3.14274 -0.0705343 1.04939 2.96152 18.5244 5.00338e-10
0.547284 -0.0425684 -0.177602 0.515912 0.019547 -0.00597705 0.0152806 0.0106114 9.73982 1.33735e-11
1.92749 0.0421104 0.088154 1.92502 0.190101 0.0144274 -0.0126179 0.189131 8.30738 1.21023e-11
0.514461 -0.122824 -0.0346215 0.498383 0.090384 0.0201549 0.0158356 0.086672 38.7622 2.54128e-11
0.174764 -0.105026 -0.0196896 0.13829 0.0610502 0.000878994 0.0336681 0.0509171 12.0646 1.51425e-11
0.766379 -0.0102828 0.0716815 0.762951 5.02399 -0.110432 0.148992 5.02057 15.8379 1.74663e-11
0.216457 -0.0057552 -0.0300584 0.214283 0.724971 0.0822522 -0.270608 0.667524 4.63784 7.87334e-12
0.62574 0.0318664 -0.0148127 0.624753 0.204981 0.0249118 -0.0172872 0.202726 6.95475 1.0735e-11
0.236842 0.0455349 0.0300342 0.230475 0.664576 0.183778 -0.118894 0.627495 17.4799 1.11613e-09
13.4224 -0.0916335 -0.208321 13.4204 0.0203284 -0.000906478 0.00449006 0.0197991 22.8877 2.07005e-11
2.06975 0.00735772 0.156519 2.06381 0.195982 0.0401813 0.0172665 0.191039 16.5454 1.78458e-11
2.6312 -0.169356 0.0203957 2.62567 1.83255 -0.0844292 -0.0564246 1.82974 14.8966 1.69368e-11
0.120241 -0.030816 0.0168112 0.115003 0.05617 -0.0204828 -0.0119911 0.0509065 19.9202 2.26151e-09
1.75984 0.0914859 -0.15974 1.75019 0.175567 -0.0262862 0.00138023 0.173582 2.80465 4.91711e-12
1.24934 -0.0972935 0.0698927 1.24358 0.415389 -0.0486127 -0.00581938 0.412493 9.11126 1.28353e-11
0.194591 -4.55152e-05 -0.0408009 0.190266 1.07696 0.0412688 0.0696869 1.07391 15.7939 1.74421e-11
0.821405 0.238567 -0.214073 0.756283 0.225543 0.0288582 -0.0839146 0.207352 9.68492 1.33276e-11
0.0959108 -0.0451647 -0.0189008 0.082473 0.0314651 0.00708346 0.0197452 0.0234465 15.9595 1.75014e-09
0.0704151 0.0333886 -0.017778 0.0593922 0.303522 -0.109076 0.0320418 0.281427 13.3935 1.60259e-11
1.53954 -0.0415342 0.0774075 1.53703 0.519965 -0.0145176 -0.0229932 0.519253 5.56032 9.10646e-12
0.435758 -0.0761822 -0.0485889 0.426286 0.14908 -0.0536313 -0.0396501 0.133327 2.81292 4.9323e-12
0.469588 0.0287767 -0.0645827 0.464235 0.420899 0.103901 -0.00252143 0.407866 13.2521 3.3718e-10
0.0958954 0.0604181 -0.0653764 0.0356582 0.429338 0.104882 -0.215107 0.356454 4.94359 8.29798e-12
0.371578 -0.0568382 0.095178 0.354655 0.74582 -0.0696303 0.0751398 0.738751 7.7118 1.15225e-11
1.22817 -0.187675 0.198218 1.19746 0.184462 -0.0166844 0.0770633 0.166759 12.282 1.27234e-09
1.42018 0.466686 0.120751 1.33586 0.0122489 0.00251582 -4.51754e-06 0.0119769 16.0814 1.75989e-11
0.541 -0.0288971 0.0779546 0.534574 0.251461 -0.00049998 -0.0257673 0.250136 5.94411 4.61404e-10
0.304964 0.0280847 -0.0402155 0.300993 0.851405 0.0370842 -0.0377713 0.849758 12.6663 1.55522e-11
0.516238 -0.0993703 -0.0633003 0.502613 2.02262 -0.282441 -0.022856 2.00267 10.8799 2.17043e-10
1.07423 -0.0360745 0.04286 1.07276 0.444429 -0.0802685 0.0094618 0.437018 6.09941 9.76653e-12
1.27234 -0.0573178 -0.338723 1.22508 0.053239 0.0138398 -0.017099 0.0484791 7.80577 1.16161e-11
0.0189604 -0.00661987 0.0150031 0.0095174 0.26273 0.0194555 0.0467329 0.257807 3.54027 6.1979e-12
0.0709601 -0.0602826 0.00233873 0.0373615 0.0382754 -0.0291307 0.0216044 -0.0122228 6.9218 1.20791e-10
0.178665 -0.031348 0.101614 0.143573 0.061307 -0.0378542 0.038217 0.0294077 9.63867 1.86761e-10
0.253048 -0.195376 -0.0831159 0.137671 0.00701828 -0.000422851 -0.00145124 0.00683456 7.18429 1.09803e-11
1.47368 -0.308901 -0.130914 1.43498 0.781216 -0.106253 -0.144337 0.760378 31.3318 2.06697e-09
0.378903 0.17063 -0.00726676 0.338231 0.0756996 0.0564053 0.0377264 0.033546 11.6605 2.36089e-10
1.19127 0.217763 0.11901 1.16513 0.151766 0.00566796 0.0101818 0.151317 4.55962 7.76197e-12
0.676561 -0.350956 0.101153 0.569502 0.406016 -0.142976 0.036583 0.378243 26.8871 7.84898e-10
0.344707 -0.029992 0.0366261 0.341441 0.00667295 -0.000790673 -0.000944603 0.00653841 11.5444 1.47731e-11
0.399091 -0.0425007 0.0852159 0.387564 0.283699 -0.118887 -0.000456694 0.257586 8.98055 1.27197e-11
0.41578 -0.10056 -0.0642662 0.398284 0.122777 0.0219735 0.0064961 0.120619 16.0767 1.75964e-11
0.638612 -0.0331546 0.114518 0.627385 0.0860981 -0.0102317 -0.0124112 0.0845807 1.16698 1.65071e-12
0.585179 0.065357 -0.0243899 0.581006 0.487715 0.0182646 0.0900227 0.478987 18.223 3.95337e-10
0.239285 -0.0318947 0.0820059 0.222519 0.210277 0.0568715 0.107437 0.171578 12.5015 1.54414e-11
0.121739 0.0241081 -0.0726118 0.0946932 0.061614 -0.0110157 -0.00120171 0.0606072 8.73096 8.12338e-10
0.281606 0.0797978 0.0743096 0.259639 0.490557 0.174635 0.258052 0.37889 21.6473 2.48323e-09
0.0515995 -0.0379976 -0.028598 -0.0200212 0.0887402 -0.0287789 0.0632721 0.0551632 9.55763 2.22365e-10
0.497816 0.0212234 -0.0704805 0.492344 2.18858 -0.143678 -0.258556 2.1685 7.7919 1.16024e-11
1.28777 -0.129027 -0.344344 1.23415 0.11465 -0.0340192 -0.0115274 0.108877 23.0841 2.07765e-11
2.84575 0.443959 -0.281525 2.79677 1.12761 0.200335 -0.0442918 1.10878 17.08 1.81226e-11
0.168044 0.127771 -0.0110876 0.108584 0.252413 0.0658968 -0.0966831 0.223656 10.2737 7.2406e-11
0.925609 -0.181823 0.00891159 0.907531 0.0938133 -0.0727588 -0.0547169 0.0226473 24.2053 6.74159e-10
0.0583594 -0.0126448 -0.0293488 0.0488322 0.468703 0.1783 -0.0024128 0.433458 4.76457 8.05136e-12
0.104759 0.101523 0.0181342 0.0184032 0.0400152 -0.0227501 0.0328686 -0.00174466 20.4213 5.58621e-10
0.0464108 -0.00978665 0.00171057 0.045335 0.318639 0.255342 0.0567695 0.181956 6.32532 1.0031e-11
1.83568 0.0738273 0.24296 1.81803 0.454659 0.0379837 0.113654 0.438583 5.4726 1.50989e-11
0.552709 0.0640937 -0.177932 0.519346 0.651208 0.0985142 -0.155261 0.624708 21.8089 2.50393e-09
0.299475 -0.0310233 0.187078 0.231786 0.467733 -0.0573159 0.191666 0.422792 5.19796 8.63902e-12
4.49284 -0.180583 -0.180165 4.48559 1.1188 -0.087187 -0.00418945 1.11539 12.7819 1.56293e-11
1.11036 -0.061259 -0.047097 1.10766 1.03319 -0.164693 -0.0747321 1.01724 6.20592 9.89205e-12
0.220166 -0.00553416 -0.0796572 0.205176 0.376486 0.0264012 -0.0670432 0.369526 7.7495 1.15602e-11
15.0074 0.440628 0.235453 14.9991 0.766035 0.0136821 0.0299863 0.765326 30.5016 2.3263e-11
0.853493 0.163336 0.0703777 0.834756 0.257977 0.0875898 0.0384224 0.23959 12.2739 1.52869e-11
0.0676566 0.0311446 0.00183247 0.0600339 1.08968 0.0225771 0.0427542 1.0886 4.80607 8.10902e-12
0.116298 -0.0438335 -0.0753448 0.0769867 0.228954 0.0308821 -0.0249908 0.225481 7.68495 1.14957e-11
0.221467 -0.101915 0.0223378 0.195351 0.27306 -0.0665661 0.00413889 0.264789 11.6164 1.48251e-11
0.907722 -0.107077 -0.432464 0.790866 0.00477432 -0.0017661 0.00393446 -0.00198366 8.37821 7.39945e-11
0.060878 0.0466865 -0.0359967 -0.0151901 0.0232634 0.0173125 0.00959366 0.0122134 33.5759 3.99262e-09
0.341053 -0.0127026 0.0274151 0.339712 0.837653 -0.132703 0.0104618 0.827009 8.72673 1.24908e-11
0.52074 0.286641 0.247343 0.357531 0.151874 0.068668 0.0784954 0.110402 7.59615 1.35738e-10
0.588731 -0.113779 0.253737 0.518918 0.950197 -0.0688621 0.521923 0.791031 8.61292 7.67013e-11
2.94727 -0.049636 0.131967 2.9439 0.335104 -0.0253127 -0.024591 0.33324 31.2376 2.34768e-11
0.491706 -0.0174785 -0.0235399 0.490831 0.673069 0.119005 -0.0743105 0.658284 7.41518 6.44504e-10
0.2216 -0.101604 0.0768588 0.181317 0.0483056 0.00827871 0.00281594 0.0475048 8.06723 1.18724e-11
2.92977 0.482655 0.704618 2.80252 0.0710421 0.0226464 0.0242775 0.062805 16.9569 1.87914e-09
5.11235 0.300775 0.162919 5.1009 0.372034 -0.00199358 0.0229199 0.371322 8.39775 1.21873e-11
0.228106 0.0610457 -0.0242901 0.218439 0.405893 -0.0315758 -0.119548 0.386601 7.97616 1.46544e-10
0.0596103 -0.0370921 -0.0403781 0.0233916 0.00908376 -0.00650147 -0.00226616 0.00590339 1.40269 2.09871e-12
1.67545 0.565583 -0.126305 1.57204 0.129201 0.0398809 -0.00371823 0.122835 8.3736 7.66514e-10
0.936562 -0.167842 -0.194561 0.900624 0.159462 0.0158826 -0.0208472 0.157293 5.41499 8.92151e-12
0.104671 0.0932774 -0.0458753 -0.0122839 0.459116 0.441462 -0.0602273 0.110778 22.7121 2.61947e-09
0.287064 0.0530411 -0.0989533 0.264198 1.13403 0.184506 -0.156513 1.10792 6.81715 1.05852e-11
0.840386 -0.0257131 0.131538 0.829629 0.176574 -0.00405369 -0.0125595 0.176079 7.01741 1.08025e-11
0.156104 -0.0481039 -0.000940947 0.148504 3.02862 -0.445414 0.0622092 2.99504 12.2369 1.52615e-11
0.365663 -0.0467831 0.0279754 0.361577 0.416118 -0.026129 0.103615 0.402164 13.4334 1.42207e-09
2.86145 0.101133 0.0624856 2.85898 4.53635 0.0177451 0.0332599 4.5362 16.514 1.78293e-11
0.267072 0.0018163 -0.0738901 0.256641 0.0728345 -0.0207969 -0.0521155 0.0464335 7.27481 1.52248e-10
2.25784 0.00317453 0.0156029 2.25779 1.17982 -0.0393004 -0.0541283 1.17792 11.0079 1.43771e-11
0.650905 0.117376 0.171243 0.616909 1.18024 0.157825 0.152246 1.15969 17.8111 1.84893e-11
1.11736 -0.505628 0.199457 0.97624 0.223147 -0.145003 0.0157122 0.168884 17.5551 1.12143e-09
0.414227 -0.182834 -0.00555511 0.371651 0.0470443 -0.0166125 -0.029779 0.0324059 27.3598 3.21059e-09
14.5354 -0.0854473 -0.0712383 14.535 0.379811 -0.00181292 -0.00888857 0.379703 31.3085 2.34971e-11
0.0885894 0.0649614 0.0482024 0.0361196 0.0370255 -0.0222212 0.0153396 -0.0253288 16.5869 2.00116e-10
0.813403 0.301797 -0.0457554 0.753956 0.0219018 0.020988 -0.00285536 0.00554783 9.01695 5.07763e-10
0.420049 -0.00132695 -0.000833502 0.420047 0.112491 -0.0048648 0.056312 0.0972586 1.35789 2.01001e-12
0.0430153 -0.0413924 0.0083101 0.0082416 0.0468449 -0.00667381 -0.033599 0.0319493 11.5998 6.95721e-10
1.32226 0.240078 -0.189307 1.28643 0.74052 0.0914113 -0.027806 0.734329 6.31488 1.00189e-11
0.0947185 -0.0569121 -0.0640933 0.0403069 0.0365339 -0.00651935 0.0106955 0.0343157 6.69218 5.53668e-10
1.96615 -0.127526 0.295273 1.93966 1.11582 -0.00851499 0.208315 1.09617 27.5949 2.23675e-11
1.47612 0.169934 -0.24096 1.44637 0.355483 0.0430808 -0.0353372 0.351088 30.1962 2.31728e-11
0.232883 0.125213 -0.190704 0.0467753 0.0273679 0.00128508 -0.0129039 0.0240953 11.2855 2.2694e-10
1.33572 -0.0176704 -0.0348694 1.33515 3.02424 -0.0107548 0.0479965 3.02384 9.66176 1.33082e-11
0.204032 -0.134623 -0.000258387 0.153316 0.0245167 0.00186648 0.0228174 -0.0087573 23.4313 4.9308e-11
0.161951 0.0160569 -0.0643785 0.147736 0.0162398 -0.00992278 0.00719803 0.0106395 9.61625 9.26439e-10
0.568644 0.169215 -0.154567 0.520414 0.172644 -0.000330705 -0.0106741 0.172312 3.27759 5.75675e-12
0.808845 -0.25937 -0.227642 0.73153 0.0298888 0.00962627 -0.00525546 0.0277992 33.4266 3.97394e-09
0.514136 0.127807 0.106956 0.486376 0.491569 0.137475 0.0344868 0.470693 16.9441 4.51602e-10
0.477876 0.0209892 0.21788 0.424797 0.0867813 0.0248925 0.00476725 0.0829962 13.5478 1.11214e-10
0.508879 0.142273 -0.12954 0.471101 0.417738 0.140658 0.0106368 0.393201 15.1334 1.8109e-10
0.0696692 0.0171295 -0.00418303 0.0674009 0.151247 0.00966166 0.0255081 0.148766 17.0106 1.8087e-11
1.16176 0.034155 -0.059148 1.15975 0.628654 0.0382877 -0.0380417 0.626333 6.23289 9.9236e-12
0.397066 -0.0282806 -0.249733 0.3074 0.0112572 0.00568029 -0.00803872 0.00543858 7.30819 1.21729e-10
0.0244728 0.0119844 -0.0005213 0.0213312 1.15375 -0.282478 0.0864487 1.11529 12.1725 1.52172e-11
0.859406 -0.00880474 0.0638573 0.856985 8.35609 0.0306824 0.26008 8.35198 17.9616 1.85629e-11
0.689591 -0.363659 0.157365 0.56438 0.0193793 -0.0188624 0.000765752 -0.00434983 11.7776 1.20679e-09
0.679288 0.123839 0.0390962 0.666759 0.117631 -0.000369582 -0.0223486 0.115487 23.6009 2.73297e-09
0.982717 0.126549 -0.00752935 0.974505 0.261515 0.0784935 -0.00723467 0.249352 4.16097 7.17623e-12
0.630747 0.0718838 -0.0491591 0.624706 0.174909 -0.0237947 -0.0439213 0.167623 1.32072 1.93742e-12
0.0775308 -0.00233227 -0.0743192 0.02196 0.0660942 0.0456878 -0.016513 0.0448121 2.93671 5.15769e-12
1.25156 0.179203 0.0990437 1.2347 0.106384 0.0275638 0.0300471 0.0982589 6.08786 9.75283e-12
0.585279 0.0246915 0.106037 0.575064 0.0310201 0.00591032 0.0121272 0.0279282 11.5223 1.47571e-11
0.0294651 -0.0280105 -0.0025326 0.00878566 0.0844123 -0.0116068 0.029793 0.0781206 21.5929 1.40366e-09
0.435345 0.0278912 -0.0255608 0.433698 1.1783 0.0377348 -0.161167 1.16662 6.10629 9.77468e-12
1.52566 -0.193801 -0.053441 1.51236 0.0637966 0.016448 0.00166627 0.0616152 9.46514 1.31416e-11
0.334904 0.0882911 0.00349819 0.323038 0.0104552 0.0069295 -0.00672717 -0.00397217 14.4586 9.01561e-10
2.98494 0.0857745 -0.209823 2.97632 1.62695 0.0275803 -0.0681189 1.62529 12.8688 1.56868e-11
0.261664 -0.0323557 0.0537231 0.254037 0.248256 0.0391477 0.11986 0.21385 19.471 4.25353e-10
0.987021 0.0143329 -0.100278 0.981809 2.19461 0.213341 -0.272815 2.16711 12.2842 1.52939e-11
0.150412 -0.0713215 0.0893149 0.0977746 0.0124042 0.00419698 -0.00714942 -0.00921273 19.1315 2.33124e-10
4.83997 -0.240877 -0.0193171 4.83393 3.06137 -0.0802787 0.020563 3.06025 15.7431 1.74142e-11
0.648962 -0.149749 -0.0783201 0.626573 0.921407 -0.239543 0.0359398 0.888998 6.90568 5.80346e-10
0.627685 -0.37397 -0.0497972 0.501652 0.0426744 -0.0217941 0.0366814 -0.000581647 10.9554 1.09997e-09
0.537356 -0.113247 0.0585517 0.522014 0.12858 0.00864414 0.0544688 0.116151 1.54194 2.38263e-12
0.453395 0.0722786 0.0681129 0.442384 0.387882 0.143639 -0.0281807 0.359202 13.8085 3.54464e-10
0.144502 -0.0294677 0.0680078 0.124046 0.175544 -0.13516 0.0848648 0.0731101 8.01692 1.18235e-11
0.723244 0.0166669 -0.0858213 0.71794 0.393654 0.0389809 -0.0235794 0.391008 6.05302 9.71139e-12
0.0911907 -0.0876016 -0.0253223 -0.00070007 1.173 0.618024 -0.673007 0.735548 24.2612 2.81716e-09
3.06319 -0.112811 -0.0622395 3.06048 0.126427 -0.00944699 -0.0125086 0.12545 12.4893 1.54332e-11
0.566378 0.111362 0.0533514 0.552753 0.108341 0.0107422 0.0241166 0.105073 7.25357 1.10533e-11
0.310538 0.00247005 0.020441 0.309854 0.0444591 -0.00124037 0.034019 0.0285923 4.05038 7.00815e-12
5.02745 -0.409627 0.678709 4.96456 0.0192538 -0.00322616 0.00210572 0.0188575 25.0164 2.14914e-11
3.32573 -0.180657 -0.294118 3.30777 0.471508 -0.0155855 0.00364938 0.471236 5.65334 9.22334e-12
0.542863 0.0585827 0.00549185 0.539665 0.162898 0.0253579 0.0716041 0.144102 24.5845 2.13361e-11
0.629403 -0.11352 -0.200856 0.585592 0.724762 -0.102045 -0.139098 0.703931 27.1451 3.18341e-09
0.892063 0.134564 0.0243102 0.88152 0.149504 0.0253855 0.000114014 0.147332 3.37716 5.92588e-12
0.315383 -0.0784335 -0.00592516 0.305417 0.137171 0.00683825 -0.04826 0.128218 13.0396 1.57986e-11
0.279539 -0.156305 0.0465444 0.227034 0.166357 -0.0407942 0.0676772 0.14639 7.41602 1.12222e-11
0.604275 -0.150616 -0.0959984 0.577275 0.156389 0.0202754 -0.0206089 0.153692 7.61029 6.69221e-10
1.00186 0.00578677 0.116748 0.995022 2.00656 0.107315 0.0820643 2.00201 14.1824 1.6515e-11
1.8571 0.464639 0.108637 1.79475 0.0413952 0.00399711 0.00415769 0.0409883 11.7328 1.49086e-11
1.67069 -0.171906 -0.280192 1.63803 1.02398 -0.0949915 -0.266994 0.983983 12.7275 1.5593e-11
1.652 0.245342 0.108462 1.63008 0.0822918 -0.00280675 0.00791713 0.0818604 3.18915 5.60435e-12
0.847007 0.422518 0.120901 0.724073 0.318886 -0.119682 -0.0765559 0.285488 15.1529 3.77652e-10
0.149008 0.00193197 -0.119755 0.0886481 0.23222 -0.112951 -0.0802156 0.186369 12.0715 1.24497e-09
0.229603 0.0437354 -0.0562061 0.218279 0.744688 -0.0286057 -0.0952154 0.738021 24.5304 2.13165e-11
1.15253 0.478131 0.141765 1.03904 0.00776514 0.00730644 -0.00224563 -0.00126904 5.97931 9.62317e-12
0.35948 0.0640476 0.0417635 0.351254 2.92704 0.288219 0.178958 2.90731 16.4777 1.78102e-11
0.182402 0.0341986 0.0624902 0.167917 0.185426 -0.073929 0.00196856 0.170039 0.842106 1.05115e-12
0.496811 0.0953449 -0.0438172 0.485603 0.198504 0.0306602 0.0163195 0.195441 3.77832 6.5835e-12
0.0981603 -0.0361678 -0.0673072 0.0616204 0.197071 -0.160697 -0.0112693 0.113518 24.5463 2.85347e-09
0.0205827 -0.00454403 0.0146028 0.0137753 1.32222 -0.0818708 0.165257 1.30929 15.7139 9.91086e-10
3.5399 0.280525 0.062518 3.52822 2.70605 0.280688 -0.0274715 2.69131 25.4685 2.16512e-11
0.208472 0.0998379 -0.0267014 0.181052 0.0941547 0.0620092 0.0396222 0.058735 3.66534 6.40199e-12
4.44122 0.0313002 0.237218 4.43477 1.8897 -0.0362574 0.0719021 1.88799 8.9474 1.26901e-11
0.115986 0.00341957 -0.00593365 0.115783 0.132124 0.0695755 -0.0449955 0.102914 4.38162 7.50422e-12
0.0219868 -0.014012 0.0167074 0.00281921 0.0989952 0.00294776 0.0248786 0.0957714 2.06862 3.48439e-12
0.0869029 -0.00803264 0.0230747 0.0833975 0.248432 -0.181007 0.0104073 0.169842 13.1288 1.38247e-09
1.00259 0.0289539 -0.00936997 1.00213 0.124614 0.0187582 -0.0193429 0.121665 2.38296 4.11558e-12
0.0661993 -0.0534517 -0.0310654 0.0236685 0.165995 -0.0723033 0.0448619 0.142526 6.94364 1.07229e-11
0.351164 -0.136387 -0.0823191 0.312951 0.0479782 0.00474885 0.0151919 0.0452582 5.99675 8.83617e-11
1.05962 -0.215952 0.351345 0.976071 0.0159346 -0.0118052 -0.00341548 0.0101304 6.76415 1.12778e-10
0.484916 -0.0129138 0.295993 0.383881 0.217441 -0.0875813 0.139243 0.142201 5.38587 7.72103e-11
1.44737 -0.053491 -0.00276308 1.44638 0.0507773 0.00392444 -0.00163201 0.0505965 7.53162 1.13407e-11
0.653488 -0.0246086 0.0457851 0.651418 0.0806796 0.0155701 0.0268303 0.0744758 8.04573 7.24618e-10
0.34833 0.254807 -0.137885 0.193378 0.0302774 0.0209109 0.0218809 -0.000651458 15.8424 3.37854e-10
0.404756 0.0713389 -0.0558079 0.394492 1.68185 0.114185 -0.23474 1.66147 13.5794 1.61432e-11
1.35433 -0.0847941 -0.0551582 1.35055 1.18801 -0.0190594 0.00013109 1.18786 16.6083 1.78787e-11
3.51349 -0.12153 0.260477 3.50171 0.709777 -0.0496895 0.031916 0.707316 27.4872 2.23326e-11
0.258376 0.0214897 0.0863302 0.242576 0.224583 0.00896645 0.0381058 0.221144 10.8641 1.42682e-11
0.159274 0.0258554 -0.0688965 0.141255 0.0661645 0.000458408 0.0160556 0.0641832 7.01548 1.08004e-11
5.44248 -0.0267481 -0.352795 5.43097 0.805368 0.0352433 -0.0289825 0.804074 12.9134 1.57161e-11
0.117126 -0.0525728 0.0762954 -0.0716493 0.0755997 0.0515689 0.0527481 0.0165335 5.58928 1.67205e-11
1.7917 0.0941225 -0.362903 1.75204 0.573992 0.103452 -0.10899 0.553973 16.0613 1.75881e-11
0.373334 -0.0667123 -0.0516911 0.36367 0.0238404 0.0031612 -0.0164847 0.0169224 10.33 6.03491e-10
0.415368 -0.166913 0.0346306 0.378776 0.0778377 -0.0291004 -0.025265 0.0676262 2.35194 4.05456e-12
0.0223318 -0.0210204 0.00568665 -0.00495138 0.0136073 0.000889099 -0.00176231 0.0134538 1.43851 2.17062e-12
1.4046 0.0195281 -0.0539429 1.40343 0.314498 0.0104457 -0.0215188 0.313586 4.43907 7.58806e-12
0.836819 0.0333497 -0.00126997 0.836153 0.0772254 -0.0120329 0.0128971 0.0751823 10.7586 1.41876e-11
4.80907 0.333773 -0.333782 4.78584 0.940982 0.018248 -0.0461696 0.939671 17.047 1.81057e-11
1.24229 -0.0313955 -0.0202166 1.24173 0.216284 0.0111137 0.0344768 0.213229 5.95254 9.59094e-12
0.253175 -0.00422861 -0.00653931 0.253056 0.656542 -0.166101 0.0775234 0.630435 8.88254 1.64968e-10
0.691889 -0.0506967 0.200028 0.660401 0.0852949 -0.0258765 -0.00845067 0.0808329 7.24996 3.78914e-10
0.347403 0.165795 -0.163892 0.257566 0.0867276 0.0565792 0.00209493 0.0656948 4.18044 2.56005e-10
2.57943 0.124975 -0.142368 2.57247 1.77167 0.153692 -0.1715 1.75664 12.6069 1.55124e-11
2.19642 0.264934 -0.22386 2.16886 0.268753 0.0701135 -0.0518672 0.254208 9.75309 1.33846e-11
0.146185 -0.0508743 -0.0549795 0.125535 0.0802066 0.0507547 -0.0115266 0.0610241 4.29655 7.37889e-12
0.117604 0.0558651 0.0732992 0.0730544 0.103813 0.0388796 -0.0373248 0.0887245 13.3255 7.1135e-11
3.86965 0.199235 -0.0153015 3.86449 0.00760427 -7.8477e-05 0.000360369 0.00757818 16.3686 1.77526e-11
0.646653 -0.094501 0.267207 0.581231 0.510296 0.0193016 0.239777 0.450039 23.0245 2.07535e-11
0.0294926 -0.00298201 -0.0177494 -0.0233641 0.0100098 0.00133346 0.00932421 0.00334924 8.34418 5.15549e-11
0.531898 -0.19455 -0.17951 0.461348 0.0376182 -0.0339466 -0.0121944 0.0106675 7.68257 1.14933e-11
1.67408 0.209551 0.122585 1.65638 0.110783 0.0370421 -0.0129902 0.103594 10.2926 1.38236e-11
0.313894 0.140656 0.0284472 0.27917 0.142238 -0.00630483 0.0468529 0.134151 1.6025 2.50887e-12
0.686086 -0.0741453 0.0824107 0.677071 0.819764 0.00471493 0.173685 0.801139 25.4867 4.33799e-11
1.97314 -0.346015 -0.232124 1.92865 1.48405 -0.221958 -0.0747597 1.46545 9.51364 1.92036e-10
5.35516 -0.235235 -0.045548 5.3498 0.00465681 -0.00271449 0.000424337 0.00372522 12.7241 1.55908e-11
2.48457 0.0871575 0.22144 2.47314 0.0916109 0.0172324 0.0273934 0.0857026 13.7062 1.62226e-11
0.245892 0.0360643 -0.116855 0.213324 0.0596602 0.0363246 0.0161558 0.0444813 10.5473 2.53111e-10
1.10577 0.0770593 -0.0288477 1.10271 7.43493 0.254608 -0.00863364 7.43057 13.6602 1.61939e-11
0.187347 0.0893456 0.044844 0.158446 0.194111 0.027183 0.143504 0.127854 10.5572 1.04826e-09
0.174278 -0.0207905 0.0298312 0.170442 1.16711 -0.0573644 0.0695718 1.16362 13.6136 1.61647e-11
5.29787 -0.114769 -0.267835 5.28985 0.41371 -0.031607 -0.0291694 0.411468 15.4071 1.72272e-11
0.463346 -0.0420642 -0.10641 0.448995 1.20659 0.036467 -0.317534 1.16349 26.2415 3.06889e-09
0.507138 0.0870286 -0.0910458 0.491249 0.0607276 -0.0011918 0.0181723 0.0579304 16.0113 4.22764e-10
0.0914671 -0.0114306 -0.00497619 0.0906135 0.0420419 0.02792 0.0104492 0.0296403 1.88725 3.10819e-12
1.61952 0.190086 -0.0155432 1.60825 0.230457 0.0265662 0.0238221 0.227678 6.1116 9.78098e-12
0.290345 -0.102268 -0.0146671 0.271342 0.270225 -0.0156708 -0.0916266 0.253733 8.68706 1.95506e-10
0.341315 0.0616838 -0.0104439 0.335532 0.0413175 0.039202 -0.0104202 0.00784205 10.1314 1.36943e-11
0.313928 -0.109674 -0.126172 0.265712 0.0774081 -0.0170698 0.0246841 0.0713517 12.8338 1.3441e-09
0.0267797 -0.00469125 0.0181599 -0.0191144 0.14347 -0.0464048 0.02871 0.132687 3.53586 6.19064e-12
3.93568 -0.221839 0.41102 3.90786 1.57917 -0.0753564 0.0840274 1.57513 17.6851 1.84271e-11
2.9365 0.0789963 0.639203 2.865 0.175495 0.00510157 0.0343525 0.172024 11.7688 2.72342e-11
0.924179 0.347216 -0.0399607 0.855542 0.768965 0.187861 -0.0495991 0.744013 10.9733 1.2591e-10
0.307175 -0.0327535 -0.0176505 0.304913 0.12022 0.00611391 -0.00297435 0.120027 13.8404 1.63059e-11
0.794807 -0.0142007 -0.00448747 0.794668 1.00279 -0.101018 0.104511 0.992198 17.862 1.99617e-09
0.430776 0.181682 0.0635758 0.385379 0.0483819 0.0438769 0.0137218 0.015069 6.8269 5.70485e-10
0.0940822 0.046985 -0.0481998 -0.0657317 0.0299316 -0.0112204 -0.00555186 -0.027183 7.87882 1.43911e-10
0.0572575 -0.0404777 -0.0358655 0.0188056 0.0229636 -0.00493856 0.0198444 0.0104345 2.14905 3.64855e-12
0.584828 0.0652283 0.0155541 0.580971 1.57411 0.157582 0.203358 1.55294 16.687 1.79197e-11
0.499286 0.103235 0.0525454 0.485663 0.29244 0.0539672 -0.0160042 0.286971 32.2364 9.16389e-10
0.386457 0.0117415 -0.148275 0.356687 0.242822 -0.0618374 -0.0468345 0.230097 9.11915 2.08822e-10
1.15181 -0.014343 0.106341 1.1468 0.110511 0.0274214 0.0178692 0.105551 15.9357 1.75198e-11
3.82566 -0.188377 -0.0592241 3.82056 2.52776 -0.0951742 -0.118998 2.52317 25.906 2.18032e-11
0.79623 0.0933265 0.125088 0.780785 0.260384 0.0521629 0.0442695 0.251234 17.698 1.84335e-11
0.601924 0.140319 -0.192044 0.55294 0.119245 -0.015675 -0.00188415 0.118194 4.72572 1.98722e-10
0.260376 0.0428666 -0.0780405 0.244679 0.535238 -0.0333169 -0.245667 0.47436 10.0019 1.35894e-11
0.0952061 -0.0207117 0.07858 0.0496025 0.151119 0.0248941 0.00403502 0.148999 11.1723 1.45001e-11
0.959043 -0.31551 -0.235569 0.874485 0.0829269 0.000101494 -0.0130435 0.081893 9.0236 1.27579e-11
0.366697 -0.0858114 -0.141379 0.327284 0.148684 -0.039809 0.0107447 0.142851 2.60504 4.54404e-12
0.159973 0.11432 -0.0709391 0.0865454 0.0374117 0.00582339 -0.00744048 0.0361953 12.7805 1.24557e-10
0.25382 -0.115994 0.0291195 0.22388 0.11519 -0.0897964 0.0357408 0.0626712 11.8953 1.22208e-09
0.809717 -0.218464 -0.123241 0.769888 0.250934 -0.0992669 -0.0963074 0.209376 10.2226 2.43018e-10
0.755999 -0.100163 -0.0770328 0.745365 0.0477325 -0.0114976 0.0126509 0.0445633 10.5365 1.04557e-09
0.38973 -0.0291478 0.0413871 0.386428 1.11987 0.112744 0.079577 1.11133 11.0526 1.44107e-11
0.141543 -0.0424519 0.094661 -0.0962894 0.0276816 0.0252138 0.00795814 -0.00818205 15.7575 9.94184e-10
0.0154742 -0.00696087 0.00652108 0.012185 1.37044 0.0517806 0.0152904 1.36937 8.74679 1.2509e-11
1.31669 -0.416266 0.0509026 1.24812 0.0431292 -0.0112497 -0.0173783 0.0378326 12.506 1.54445e-11
0.0303481 -0.0154409 0.0224746 0.0133222 0.163519 -0.00117531 0.00557288 0.163419 5.33328 8.81607e-12
6.56873 0.032546 -0.206287 6.5654 0.152927 0.00748997 0.0118199 0.152284 12.8851 1.56975e-11
2.2308 -0.496214 -0.0886437 2.17311 0.575696 -0.0984039 -0.040512 0.565775 15.8821 9.23826e-11
1.31224 0.00115994 -0.0102586 1.3122 0.0498867 -0.0135369 -0.018636 0.0442478 13.7605 1.62564e-11
0.0763118 0.0395374 -0.0645729 -0.00951944 0.0498703 0.0311108 0.03386 -0.0192977 13.8868 8.60613e-10
0.275938 -0.0294422 -0.0141781 0.273996 0.162868 0.0584319 0.0250778 0.149942 31.3307 2.06689e-09
0.627217 -0.00462162 -0.123956 0.614829 0.274828 0.0129648 -0.123351 0.245249 15.9394 1.75219e-11
0.637245 0.0164026 -0.104111 0.628469 0.0188522 -0.0101475 0.00354399 0.0154795 2.96983 5.21728e-12
0.200975 0.0433537 -0.0122771 0.195859 1.39785 0.135952 0.045912 1.39046 9.67774 1.33216e-11
1.9393 0.0957569 -0.065767 1.93581 1.21809 0.0740724 0.0282781 1.21551 22.8434 2.06832e-11
0.138113 0.0519856 -0.0162191 0.126924 1.23542 0.175321 -0.392928 1.15808 9.42142 1.31042e-11
2.73865 0.507004 -0.193673 2.68433 0.100548 0.00910131 -0.0153266 0.0989536 12.0841 1.51561e-11
0.171598 0.0752835 -0.113564 0.104314 0.198692 0.0956316 -0.039718 0.169574 9.36701 2.1647e-10
1.07483 -0.0576162 0.0110263 1.07323 0.795263 -0.119396 -0.0420072 0.785126 11.3141 2.27638e-10
1.24473 0.337649 -0.400439 1.12916 0.268341 0.0306416 -0.0981734 0.24785 6.02799 9.68151e-12
0.172266 -0.0561083 -0.131147 0.0965824 0.177337 -0.128116 -0.096415 0.0757532 9.58655 2.23261e-10
0.317406 0.00830949 0.0124346 0.317053 0.264788 -0.0618233 -0.00216627 0.25746 2.92325 5.13338e-12
0.900871 -0.0309048 -0.0507927 0.898907 0.333192 0.0357441 -0.00373418 0.331248 18.4298 1.87881e-11
0.0614267 -0.049032 -0.0220288 0.0297293 0.748822 -0.280043 -0.181472 0.670356 7.87253 1.43759e-10
0.699094 -0.02707 0.0231621 0.698186 0.330958 0.0483577 -0.055544 0.32266 14.5398 9.07367e-10
0.0153264 -0.0121438 -0.00933023 0.000610575 0.756422 0.0942521 -0.623873 0.41722 22.8146 2.63257e-09
1.63392 -0.25879 -0.00462391 1.61329 0.168751 -0.010617 -0.01487 0.167758 4.93682 8.28875e-12
0.0954375 -0.0358169 0.0253766 -0.0847437 0.0346265 0.0165202 -0.0229941 -0.019927 6.47145 3.2248e-10
0.128866 -0.060889 0.10939 -0.030542 0.0128488 0.00841849 -0.00298691 0.00922163 22.9321 6.3539e-10
0.441243 -0.00684678 -0.0521914 0.438092 0.138873 -0.0244572 -0.00295606 0.136669 7.66863 6.76625e-10
0.933366 -0.0401996 -0.0690563 0.929939 0.499122 0.0295555 -0.0538494 0.495327 2.33447 4.02007e-12
0.206461 -0.079612 -0.0454934 0.184983 0.0494963 -0.0267698 0.0359457 0.0209977 7.60765 6.68886e-10
2.58964 -0.44642 -0.565018 2.48751 0.622705 -0.142599 -0.143711 0.588875 16.0961 4.10821e-10
0.894027 -0.19121 -0.640662 0.593529 0.474532 -0.152547 -0.0264252 0.448566 15.9478 1.74862e-09
