0.696652 0.0958679 0.0558145 0.687763 0.196246 0.00525084 0.0162034 0.195505 4.47759 7.64394e-12
0.528182 -0.0810961 -0.00957665 0.521831 0.319178 0.00260288 0.0497766 0.315262 6.84463 1.06152e-11
0.452621 -0.0544769 -0.00579442 0.449294 1.55138 -0.120065 0.21018 1.53238 3.16874 5.56884e-12
0.0724346 -0.0137544 0.0171741 0.0690119 0.402064 0.0938131 -0.127087 0.369734 0.804205 9.75432e-13
0.299877 0.0305006 -0.0297634 0.296834 0.136258 0.0197989 -0.0455275 0.126891 8.86384 1.26151e-11
0.158761 0.0607118 0.0402363 0.141068 0.0753182 -0.00183389 0.0131399 0.0741387 4.97655 8.34279e-12
1.46857 -0.200231 -0.0871549 1.45225 0.153131 0.00113098 -0.0367593 0.148649 2.51145 4.3654e-12
0.346132 0.0633446 -0.0387703 0.338071 0.0433375 0.00367306 -0.00848816 0.042336 7.20167 1.09987e-11
0.531412 -0.0412738 0.00454465 0.529787 0.250445 0.0338413 -0.0160697 0.247627 1.69674 2.70705e-12
0.327541 -0.142746 0.0699154 0.286389 0.225916 -0.0312062 0.000161537 0.22375 12.2886 1.52969e-11
1.32209 0.222375 -0.500825 1.20318 0.462465 0.0649412 -0.107308 0.445131 18.3761 9.00088e-11
0.269819 -0.0360062 -0.0183498 0.266775 0.285098 -0.0167488 0.00845725 0.28448 26.6457 2.20547e-11
1.26236 -0.150738 0.022136 1.25313 0.326158 -0.0607611 0.0301383 0.319028 19.355 1.92181e-11
0.101786 -0.0885595 -0.0220766 -0.0450587 0.00298109 0.00254804 -3.3793e-05 0.00146054 4.35613 9.67923e-12
0.230787 -0.0136899 -0.0692137 0.219738 0.162173 0.0213412 -0.0224331 0.159189 3.63915 6.35949e-12
1.43939 -0.0376371 -0.0810692 1.43661 0.208335 -0.0334813 -0.0152007 0.205064 5.90687 9.53571e-12
0.126093 -0.039682 0.040242 0.112719 0.0769413 -0.0165466 0.00143229 0.0751256 9.49353 1.31658e-11
10.2706 -0.0492823 -0.363537 10.264 0.424163 0.0167723 -0.0224512 0.423236 17.4627 1.83164e-11
0.523738 0.109745 0.0627421 0.508252 1.12674 0.211477 -0.0428825 1.10589 3.62918 6.34328e-12
5.63332 -0.17532 0.254885 5.62482 0.374299 -0.0313894 0.000861713 0.372979 17.4779 1.8324e-11
0.034366 -0.0155905 -0.00261498 0.0305143 0.372868 -0.0164285 0.0202121 0.371956 8.49617 1.2279e-11
0.205169 -0.081145 -0.0415898 0.183794 0.00671496 -0.00167943 -0.00398448 0.00511214 21.174 4.66188e-10
0.182314 -0.0281015 0.0916072 0.155102 0.0447414 -0.0250085 -0.00253874 0.0370089 1.41287 2.11905e-12
0.595873 -0.211801 0.277279 0.483033 0.225348 -0.058957 0.0706368 0.205708 23.8416 6.63095e-10
1.60537 -0.146011 -0.0867746 1.59636 0.316828 -0.0181998 0.00930955 0.316167 3.39109 5.94938e-12
0.973643 0.0915753 0.0543835 0.9678 0.477342 0.0217955 0.0169247 0.476543 14.2997 1.65856e-11
0.0924413 0.00345213 -0.00783337 0.0920441 3.84627 -0.491188 0.229761 3.80786 21.9527 2.03303e-11
3.4527 -0.0456643 0.115307 3.45047 2.27234 -0.0721769 -0.0210648 2.27109 7.90546 1.17145e-11
0.122109 0.00179206 0.0388474 0.115751 0.123446 0.102093 0.00181844 0.0693711 3.60645 6.30626e-12
1.32828 -0.0576833 0.203209 1.31138 0.114244 -0.00821233 0.00601159 0.113789 6.09637 9.76293e-12
0.218674 0.0966723 0.0081794 0.195974 0.043289 -0.0213394 0.0127851 0.0354238 12.2184 1.52488e-11
0.0201178 0.0180655 0.0026213 0.00845526 0.473066 -0.00421789 0.0786521 0.466463 25.2695 7.06483e-10
0.576403 0.0898742 0.130124 0.554284 0.0182965 -0.0117933 0.00813165 0.0113709 1.4672 2.22883e-12
3.44648 -0.0933828 0.427155 3.41863 0.56891 0.010351 0.0478842 0.566796 23.9162 2.1091e-11
0.245557 -0.105158 0.0279318 0.220135 0.229531 -0.0358786 0.0907446 0.207756 1.48872 2.27282e-12
0.345136 0.0280255 -0.0326803 0.34244 0.358749 0.027116 0.0320391 0.356285 7.33714 1.11405e-11
0.219234 -0.0152641 0.0679735 0.207871 0.665101 0.0208389 0.0275563 0.664203 8.2628 1.206e-11
0.132881 0.043883 -0.118405 0.0413735 0.037394 0.0213174 0.025305 -0.0174146 5.16406 8.96401e-11
1.31177 -0.205583 0.0828804 1.29291 0.0624559 -0.00895125 -0.0174891 0.0592831 26.2373 2.19167e-11
4.42437 0.160229 0.0658768 4.42097 1.01377 -0.00695114 -0.0223495 1.0135 15.787 1.74383e-11
0.258362 0.143451 0.00601469 0.214794 0.0366489 -0.0048965 0.0289522 0.0219243 2.67825 4.68223e-12
0.488876 0.0296133 0.148525 0.464826 0.271894 0.00637771 0.0276422 0.270409 1.96964 3.28017e-12
3.99259 -0.0756667 0.274256 3.98244 2.57731 -0.118285 0.149154 2.57027 33.1025 2.3996e-11
0.14303 0.133327 0.0382628 -0.0348922 0.0105586 -0.00492402 0.00674923 0.00643624 8.57129 1.60738e-10
4.64609 0.135739 0.354367 4.63057 0.466968 -0.0128792 0.0184492 0.466425 15.623 1.73477e-11
0.0898155 -0.0131261 0.0562906 0.0687452 0.400849 -0.0393532 0.00970145 0.398794 17.3172 1.82431e-11
1.55675 0.156383 -0.110648 1.54491 2.92246 0.386046 -0.345308 2.8762 13.6746 3.50306e-10
0.490494 -0.109652 0.0638193 0.473801 0.672172 -0.038652 0.0153503 0.670884 2.50279 4.34873e-12
1.41496 0.1347 0.0241806 1.40833 1.75559 0.117908 -0.0809162 1.74976 10.649 1.41033e-11
1.04154 0.0606766 0.105885 1.03437 1.88042 -0.028687 0.252734 1.86314 17.8504 1.85086e-11
0.841038 0.00314091 -0.0826432 0.836961 0.114702 -0.00190402 -0.000662423 0.114683 7.91865 1.17275e-11
0.774586 0.133374 -0.00754947 0.762979 0.049777 -0.00451796 0.00209273 0.0495247 3.02681 5.31907e-12
0.28642 0.166714 0.0932086 0.213436 0.289044 0.247348 0.087478 0.121294 33.6486 7.60835e-10
3.39536 -0.0301911 -0.100207 3.39375 1.86663 0.00800451 -0.0305795 1.86636 21.1026 1.99806e-11
0.0197334 0.000219743 0.013655 0.0142442 1.57622 0.0548516 0.19308 1.56339 6.34154 1.00498e-11
0.202985 -0.0762851 0.040329 0.183731 0.0542411 0.0109091 0.0437652 0.0301237 2.98078 5.23691e-12
0.523534 0.1248 0.0895089 0.500501 0.0983978 0.0476289 -0.0255116 0.0822344 4.91804 8.26312e-12
1.81684 0.391656 -0.420015 1.72368 0.0179713 0.014374 -0.00502275 0.00953257 4.28373 7.35989e-12
0.660329 -0.0385962 0.14694 0.642614 0.857109 -0.0207754 0.0545219 0.855121 11.0132 1.43811e-11
2.46924 -1.2154 0.0958529 2.14726 0.0352262 -0.0204548 0.00254855 0.0285611 21.1887 5.82132e-10
0.480809 0.0307534 -0.0338905 0.478626 8.33628 0.156685 -0.20467 8.33229 11.9893 1.509e-11
0.0912621 0.0188365 0.0309357 0.0837672 0.104646 0.0119401 0.0210977 0.101798 15.085 1.50743e-10
1.11672 -0.114456 0.111358 1.10524 0.0995581 -0.0289382 -0.0162944 0.0938543 6.41178 1.01306e-11
1.71302 -0.314634 -0.120418 1.67957 0.131211 -0.0231143 0.0239663 0.126915 8.90319 1.26505e-11
0.0845923 0.00342477 -0.0116583 0.083715 0.17047 0.0154021 0.0346183 0.166205 15.1416 1.70772e-11
1.30943 -0.198921 -0.192155 1.27989 0.194719 -0.01132 0.011107 0.194072 3.68594 6.43531e-12
0.206826 0.160673 0.0193717 0.128787 0.0322285 0.0146638 -0.00499698 0.0282563 2.8495 4.99934e-12
1.78113 -0.0695839 0.367851 1.74134 0.0853374 -0.0186643 -0.00148728 0.0832565 5.17469 8.60827e-12
0.119906 0.00193908 0.0744024 0.0940109 0.206896 -0.0539755 -0.00544023 0.199657 6.56078 1.12128e-10
1.12898 0.101922 -0.157772 1.11324 0.318538 -0.00442553 -0.0154403 0.318132 4.17627 7.19927e-12
1.67721 0.240855 -0.210088 1.64647 0.0628535 0.0126676 -0.0162795 0.0593701 9.40869 1.30932e-11
0.320315 -0.223261 -0.126797 0.191516 0.0126903 0.00294105 -0.0107535 0.0060412 5.40641 8.9105e-12
0.176756 0.00565791 -0.0281083 0.174415 0.177105 0.041851 0.0727202 0.155969 1.51919 2.33553e-12
0.0747982 -0.0379084 0.0183829 0.0618045 0.33855 0.0151735 -0.0887273 0.326364 3.04079 5.34389e-12
0.0474658 0.00668071 -0.0409504 0.0230529 0.239168 -0.182292 -0.138038 0.0701147 6.15392 6.08211e-11
0.398294 0.0714252 -0.019428 0.391356 1.78805 0.0792897 -0.0717733 1.78485 5.1076 8.51911e-12
0.193138 -0.00832932 0.0267263 0.191098 0.0838736 -0.0453648 -0.0429326 0.0559763 3.4725 6.08579e-12
0.321004 0.0996183 -0.0746498 0.295884 0.712801 0.158397 -0.0610149 0.692295 7.44005 1.1247e-11
0.0333755 0.00291491 -0.0331604 0.00241157 0.114294 -0.0248294 -0.0191935 0.109899 5.07579 8.47657e-12
2.19243 0.120081 -0.0426814 2.18872 0.841935 0.0206591 0.0230216 0.841366 8.33127 1.21248e-11
1.08019 -0.03557 -0.0290015 1.07921 0.917963 -0.0345622 0.0270967 0.916912 2.90984 5.10912e-12
0.0904525 -0.0746592 0.0502484 0.00909707 0.0289086 -0.0102138 0.00268999 -0.0269052 6.71571 1.35345e-10
0.417225 0.103541 0.0360027 0.402566 0.179129 -0.0189204 0.0417686 0.173159 11.5569 1.47821e-11
0.134804 -0.0174114 -0.00509718 0.133578 0.149808 0.0333159 0.00967492 0.145735 33.0284 2.39759e-11
1.01167 0.00984784 0.0836702 1.00816 0.0307917 -0.0034635 0.0111588 0.0284842 4.63374 7.86753e-12
0.521894 -0.15175 -0.0467676 0.497149 0.486988 -0.0642335 -0.0344867 0.4815 10.3452 1.38654e-11
0.116933 0.0945505 -0.022761 0.0649271 0.0236972 -0.00768033 0.0131037 0.0181825 16.4313 3.52048e-10
0.335559 0.0607096 0.0836025 0.319256 0.235797 0.083268 -0.0428372 0.216405 1.79342 2.91097e-12
1.89213 -0.171374 -0.0103278 1.88432 1.58202 -0.0788535 0.086221 1.57769 4.96086 8.32148e-12
0.543524 0.0978431 0.0434685 0.532875 0.831343 0.266153 -0.00861616 0.78754 5.37654 8.87204e-12
0.387951 -0.0232187 -0.0609217 0.382434 0.932 -0.0120909 -0.0202211 0.931702 12.6381 1.55333e-11
0.104968 -0.0543997 0.0288402 0.0850133 0.0302503 0.01254 0.00894995 0.0260282 2.59069 4.51681e-12
0.820535 -0.0265709 -0.1925 0.797192 0.218548 -0.0204941 -0.024578 0.216192 4.21398 7.25591e-12
0.0282052 -0.0163671 -0.00578982 0.022229 0.140891 0.0390265 0.0350094 0.130772 3.90727 6.78673e-12
0.214188 -0.0127069 -0.0163735 0.213183 0.154001 -0.0132075 0.0573201 0.142324 8.5079 1.22899e-11
0.0309797 0.00775662 -0.0167319 0.0248921 1.29422 -0.208158 -0.0744157 1.2752 2.06017 3.46704e-12
0.337452 -0.130042 -0.129227 0.283307 0.0264224 -0.0108657 -0.0181793 0.0157903 1.58713 2.47673e-12
0.0127363 0.00300116 -0.00901289 0.00848371 1.74565 0.127596 0.0293298 1.74073 4.06845 7.03579e-12
2.09844 -0.393094 0.0212579 2.06119 0.100516 0.00869733 0.00242756 0.100108 12.1285 1.51869e-11
0.378016 -0.00726614 0.0911527 0.366789 0.770504 -0.0802225 0.0219769 0.766001 3.77781 6.58268e-12
0.465074 -0.126445 -0.0319432 0.446414 0.0142018 -0.00248873 0.00166553 0.0138731 3.23817 5.6891e-12
0.0672934 0.020022 -0.0382554 0.0516143 0.122963 -0.00886707 -0.0367865 0.116994 8.02103 1.18275e-11
2.41773 -0.161561 0.0594506 2.41159 0.0985211 -0.00428655 -0.00389405 0.0983494 15.0826 1.70436e-11
0.779134 -0.173802 -0.0174278 0.759302 0.288502 -0.0456249 -0.0493132 0.28057 8.26414 1.20613e-11
0.643134 0.20923 -0.151297 0.589028 0.034463 0.0213779 0.00844249 0.0256739 9.10921 1.28335e-11
0.092459 -0.0700304 0.0598077 0.00821295 0.0110198 0.0100556 7.50766e-05 0.00447824 13.4357 3.42886e-10
0.386402 -0.0661301 -0.169443 0.340914 0.0190565 -0.00294712 -0.00305971 0.01857 1.43545 2.16443e-12
0.208953 -0.0580807 -0.004993 0.200657 0.0342756 0.011473 0.0174721 0.0271598 3.26177 5.72967e-12
0.169648 -0.00152981 -0.0331761 0.166366 0.778852 -0.176672 0.0194489 0.7583 2.9708 5.21901e-12
3.61837 -0.202444 0.0741773 3.61194 0.0984513 -0.0224804 -0.0008083 0.0958456 16.9553 1.80586e-11
1.05798 -0.0790914 -0.305941 1.00969 0.523063 0.00664209 -0.217155 0.475809 18.5 1.88214e-11
5.99862 -0.243705 0.341841 5.98392 2.03867 -0.0667595 0.0610883 2.03666 14.5224 1.67182e-11
0.151072 0.0964027 0.112639 -0.0290119 0.00710355 -0.00243752 -0.0038079 0.00545515 11.2913 2.7622e-10
0.479947 0.310069 0.0759234 0.358389 0.0435359 -0.000916225 0.0120505 0.0418218 4.89126 8.1886e-11
0.125276 -0.0153309 -0.0373529 0.118591 0.292024 -0.0759482 0.0738273 0.272139 16.2792 1.77051e-11
0.356448 0.14503 -0.00414976 0.325583 0.708502 0.212978 -0.157782 0.657055 6.42111 1.01412e-11
0.302395 0.069198 -0.0744449 0.284802 0.267355 0.00621323 0.0235096 0.266247 2.44119 4.22941e-12
2.27914 0.194684 0.0597012 2.27002 0.222897 0.00436759 -0.00286707 0.222835 6.82421 1.05929e-11
0.031563 0.0131165 0.02667 0.0106251 0.0173671 -0.00579833 -0.00532433 0.0154721 1.29657 1.89085e-12
0.228394 0.056931 0.136951 0.173686 0.0276853 0.0258065 -0.0062804 0.00779718 3.77139 6.57245e-12
0.323744 -0.0345614 0.0187553 0.321347 0.387477 -0.000460881 -0.0223537 0.386831 7.44848 1.12556e-11
0.368058 0.0632214 -0.0699172 0.355783 0.0207394 0.00931099 0.0137023 0.0124665 3.91098 5.07397e-11
0.802522 -0.0651672 0.0542095 0.798033 0.315455 -0.0630417 0.0909793 0.295399 13.2219 1.59163e-11
0.153119 -0.0320129 -0.0262121 0.147423 0.196463 -0.00924298 0.0338603 0.193301 4.33612 7.43737e-12
0.179366 -0.0773679 -0.044152 0.155683 0.0672699 0.0149862 -0.0146331 0.0639239 4.14177 7.14722e-12
0.338853 -0.0176004 -0.0920559 0.325634 0.344709 0.0580496 -0.0636246 0.333776 4.09838 7.08141e-12
1.72168 -0.106589 0.331386 1.68612 0.446804 -0.0793158 0.0738186 0.433467 6.16016 9.83831e-12
0.219153 0.06572 0.00752713 0.208931 0.193717 -0.0227315 -0.0779171 0.175893 1.58816 2.47887e-12
0.0587527 0.0482662 -0.0252768 0.0219849 0.11298 -0.0729878 -0.0523136 0.0685594 17.2877 1.82282e-11
1.15164 0.0910154 0.177657 1.13421 0.103405 0.0278708 0.045238 0.0887074 6.09646 9.76303e-12
1.54753 -0.202883 -0.162429 1.52555 2.13672 -0.32943 -0.0887374 2.10931 12.2841 1.52938e-11
2.14313 0.215223 -0.182107 2.12451 0.757854 0.134157 -0.0142065 0.745749 6.08838 9.75345e-12
1.4655 -0.145517 -0.139597 1.45156 0.098118 -0.00618767 -0.00518875 0.0977838 5.01899 8.40021e-12
0.184512 -0.034443 0.10325 0.148989 0.0597271 0.0523236 0.0279175 0.00706525 10.5917 1.40588e-11
0.316657 0.0841618 -0.142271 0.270088 0.377108 0.143706 -0.0439008 0.345877 9.76509 1.33946e-11
1.12225 -0.0598137 0.186355 1.10505 0.0380836 -0.0126292 0.0033571 0.0357678 4.52437 7.71139e-12
6.88454 -0.0577476 0.362936 6.87472 0.0668669 -0.00394785 0.00779077 0.0662921 17.2373 1.82027e-11
0.151605 0.0479409 0.0461971 0.136204 0.104186 0.00967185 -0.0122247 0.103012 4.22855 5.77629e-11
1.31166 -0.0873233 -0.00476208 1.30874 0.43676 0.0141081 -0.0250892 0.43581 2.65638 4.6411e-12
0.861592 -0.0882214 0.0217306 0.856788 0.737955 -0.129959 -0.0597366 0.723961 4.07535 7.04632e-12
0.273823 -0.010241 0.0505294 0.268925 0.136388 0.0635312 -0.00503088 0.120581 1.81444 2.95522e-12
0.190519 -0.0822852 -0.0200576 0.170658 0.250064 0.0042312 -0.0634218 0.241851 1.30377 1.90469e-12
0.0199522 0.00734296 -0.0124648 0.0137404 0.247574 -0.0243308 0.0980865 0.226009 8.27406 1.82793e-10
0.229379 0.139073 -0.0317904 0.179618 0.0958629 0.0335632 0.0661673 0.0607028 2.56511 4.46814e-12
0.392613 -0.0651255 -0.218613 0.31955 0.0259411 0.0148627 -0.00377662 0.0209169 6.17309 9.85353e-12
0.148658 0.0129732 -0.00757603 0.147896 3.35391 0.247596 0.425504 3.31758 8.36154 1.21533e-11
1.22827 0.000651382 -0.0603671 1.22678 3.66821 -0.00881827 -0.0146527 3.66817 10.9284 1.43171e-11
0.0255506 0.00939904 -0.0190812 0.0141562 1.09605 0.370271 -0.0754128 1.02885 16.3177 1.77256e-11
2.07896 -0.133201 -0.106752 2.07194 0.546731 0.0159411 -0.0729218 0.541611 3.41097 5.98283e-12
0.288798 -0.0125552 -0.176121 0.228534 0.017018 0.000977656 0.0162653 0.00488246 9.65193 8.7425e-12
1.77966 0.0617617 0.260323 1.75944 0.291213 -0.0223799 0.0191466 0.289719 13.8635 1.63202e-11
0.0407667 0.0162526 0.00113296 0.0373697 0.281394 0.219338 -0.146096 0.0986366 4.76632 7.83751e-11
1.22807 0.352015 -0.196804 1.15996 0.240642 0.0346045 -0.00239634 0.238128 4.96069 8.32124e-12
1.09089 -0.00916903 -0.03973 1.09013 1.20254 -0.12332 -0.0614103 1.19462 8.03439 1.18405e-11
4.96502 -0.060258 -0.12857 4.96299 1.80814 -0.0411633 -0.0136786 1.80762 18.5055 1.8824e-11
0.865311 0.175619 -0.0120819 0.847216 0.0479321 0.0172527 -0.0191049 0.0404299 2.6985 4.72018e-12
0.0588498 0.037761 -0.0449394 -0.00422552 0.0806658 -0.0364541 0.0246709 0.0675956 9.0096 1.71399e-10
3.36241 0.487767 0.0922483 3.32556 1.8348 0.318883 0.102903 1.80394 15.1952 1.49805e-11
0.82695 0.00182406 0.163012 0.810722 0.254377 0.0271486 0.0183548 0.252257 6.39661 1.01132e-11
0.164082 0.0891784 0.00584186 0.137608 0.320862 0.0566921 0.0432356 0.31284 11.8186 1.49696e-11
0.84885 0.0230885 0.267605 0.805234 0.615983 -0.0874801 0.175341 0.583984 9.52759 1.31948e-11
0.31273 -0.0588931 0.0685387 0.29939 0.907082 -0.0209755 0.362208 0.831362 3.86736 6.72422e-12
1.95185 0.312809 -0.250112 1.91032 0.0636428 0.0224198 0.0104587 0.0586354 10.8177 1.04403e-11
1.26018 -0.177442 -0.0982272 1.24376 0.0649895 -0.0109473 0.00902188 0.0634204 33.2761 2.40429e-11
0.0742889 -0.0241214 0.00220293 0.0702293 1.04789 0.0407632 -0.0699066 1.04477 33.3599 2.40655e-11
0.702127 0.0550086 0.228278 0.661699 0.136523 0.0276613 0.0284626 0.130626 15.1536 1.70841e-11
0.413445 0.156386 -0.152065 0.351221 0.0287205 -0.00241628 -0.0285457 -0.0019775 12.1964 1.52337e-11
6.50393 -0.0847495 -0.110882 6.50243 4.5024 -0.154915 -0.0875158 4.49888 19.0693 1.90873e-11
0.0438071 0.00570356 0.0117712 0.0418088 0.259935 0.0209278 -0.00890045 0.258938 3.27739 5.75641e-12
3.45628 -0.163363 0.302359 3.43915 0.477701 0.0123119 0.0470168 0.475221 7.49842 1.13068e-11
0.642226 0.0667642 -0.0235626 0.638311 0.760015 0.171872 0.0235917 0.73995 3.07687 5.40774e-12
1.22468 0.056027 -0.10257 1.21909 0.582222 -0.0376203 -0.0738373 0.576295 4.32882 7.42661e-12
0.131793 0.0510597 0.0327909 0.116992 0.0599886 0.0516584 -0.030066 0.00508074 0.92488 1.21096e-12
0.083918 -0.0528844 0.0470644 0.04506 0.032478 0.0143872 -0.0289399 -0.00316979 4.85164 8.07696e-11
0.0772423 -0.00980669 0.0155655 0.0750194 0.715092 0.162227 -0.0299994 0.695801 2.11207 3.57329e-12
0.243105 -0.0250822 0.00933306 0.241628 0.0420444 0.0254286 0.0282768 0.0179243 6.90716 1.06834e-11
0.509049 -0.0110478 -0.0303843 0.508022 4.38135 0.151462 0.0270262 4.37865 6.04857 9.70608e-12
0.346958 -0.00247418 -0.000994847 0.346948 1.60733 -0.178899 0.224674 1.58146 21.5194 2.01538e-11
0.0343438 0.0178616 -0.0176531 0.0234271 0.481462 -0.067055 -0.0443575 0.474701 13.8454 1.6309e-11
0.0316668 6.14031e-05 -0.0316364 -0.00138586 0.068884 0.0268742 0.036221 -0.0520631 9.54989 1.84536e-10
0.233031 0.0384522 0.0427684 0.225822 0.745159 -0.0332979 0.0736145 0.740766 3.44134 6.03378e-12
0.00680899 -0.00317565 0.00456045 0.00393444 0.0863102 0.0313378 0.0469639 0.0652804 6.71152 1.04686e-11
0.908552 -0.00207019 0.131004 0.899055 0.2877 0.052406 0.080525 0.271183 3.84889 6.69519e-12
2.26948 0.150129 -0.19456 2.25613 0.136523 0.0184639 -0.0270943 0.132526 4.28222 7.35765e-12
1.12985 0.147896 0.247224 1.09251 0.177964 0.0303604 0.0222059 0.173942 8.70613 1.2472e-11
0.22471 -0.00586314 -0.0452993 0.220019 1.32192 -0.0365187 -0.0871078 1.31854 20.9316 1.99087e-11
0.349957 4.17735e-05 -0.0578401 0.345144 0.408093 -0.0503347 -0.00716471 0.404913 32.7136 2.38901e-11
1.05476 0.0566975 -0.145351 1.04316 0.189246 0.0263097 -0.0105017 0.187113 11.5981 1.48119e-11
2.31476 -0.177787 0.0761796 2.30666 0.518916 -0.039257 -0.026678 0.516741 4.02355 6.96697e-12
0.361525 -0.00620571 0.138975 0.333688 0.79927 -0.0755165 0.197063 0.770906 12.2091 1.52424e-11
0.572773 -0.220721 0.220331 0.480422 0.223866 -0.0439369 0.0372134 0.216334 6.79142 1.05569e-11
0.19025 -0.00611964 0.104369 0.158949 0.0418483 -0.0143615 -0.0334422 0.020649 3.19312 5.61124e-12
1.44452 -0.0350936 0.0231652 1.44391 0.0751861 -0.0135046 -0.0170604 0.0719671 4.54539 7.74158e-12
0.225529 0.102969 -0.023626 0.199254 0.150661 -0.0252969 -0.0540939 0.13832 6.7999 1.05662e-11
0.361137 0.0121239 -0.0511054 0.357297 0.767521 -0.00675712 -0.02764 0.766993 9.08947 1.28161e-11
2.17389 0.0388901 0.155017 2.168 0.769093 0.0087993 0.123548 0.759054 6.96537 1.07464e-11
0.0767643 0.00404005 -0.0400883 0.0653403 0.508722 0.0800052 -0.00767211 0.502333 4.45704 7.61416e-12
1.39363 0.177413 -0.259473 1.35772 0.0916234 0.0330984 -0.00157703 0.0854202 2.89482 5.0819e-12
0.342372 0.166887 0.0379688 0.296523 0.452034 0.145409 0.107608 0.41426 15.1373 1.70748e-11
0.274824 0.0521349 0.0732499 0.259701 0.879886 0.053074 0.0752845 0.875051 1.56459 2.4297e-12
0.312558 0.15523 0.0296404 0.269662 0.0168046 -0.00725758 -0.0129881 0.00779548 1.69892 2.71165e-12
0.488717 0.019171 0.00853088 0.488266 0.090009 0.0205147 -0.0220287 0.0848248 4.27151 7.34173e-12
0.201431 0.0427306 0.0494912 0.190524 0.066492 0.0486491 -0.0203144 0.0405155 2.85639 5.01193e-12
0.245732 -0.0486396 0.0103858 0.240646 1.2347 -0.0399913 0.177658 1.2212 3.67578 6.41889e-12
0.302538 0.149121 0.0386372 0.260383 0.357141 0.121757 -0.0211586 0.335078 2.26214 3.87639e-12
0.427595 0.0184945 0.119074 0.410264 1.01925 -0.0399286 0.103993 1.01314 4.63293 7.86638e-12
0.0759314 -0.00374478 -0.0271458 0.0708142 0.732147 -0.131277 0.0327311 0.719538 8.55885 1.23369e-11
0.0637104 0.0047552 0.013762 0.0620242 1.16625 -0.270179 -0.0976637 1.13031 15.1335 1.70726e-11
0.0879064 -0.0516016 -0.013864 0.069804 0.161152 -0.0142235 -0.0371421 0.156167 14.2763 1.65716e-11
0.0921531 0.0522202 0.047353 0.0593544 0.0718103 -0.0037279 0.0168665 0.0696999 3.49816 6.1284e-12
0.451696 0.117222 -0.0677287 0.43093 0.288686 -0.00570791 -0.0841902 0.276077 3.11455 5.47407e-12
0.993407 -0.046955 -0.0765295 0.989341 0.298024 0.0175652 -0.00605732 0.297444 2.79851 4.9058e-12
3.57018 -0.254178 -0.134535 3.55858 1.63184 -0.0952505 0.0140255 1.629 23.3542 2.08799e-11
2.79782 -0.0400085 -0.00666197 2.79752 1.8665 0.0196045 -0.0889813 1.86427 10.5249 1.40069e-11
0.0424268 -0.00819826 0.0412622 -0.00550012 0.0769722 0.0108531 -0.0452997 0.0612749 12.1023 3.01437e-10
0.440477 0.132993 -0.141356 0.395413 0.767297 0.0849101 -0.324646 0.690029 8.12717 8.75473e-11
0.724283 0.173658 0.0563006 0.700898 0.905249 0.11135 0.0540306 0.896749 13.1666 1.58808e-11
1.45508 0.0847164 0.0271729 1.45236 0.0845313 -0.00589554 -0.00728737 0.0840084 7.59993 1.141e-11
1.60974 -0.105933 0.00769926 1.60623 0.0323944 0.00073978 -0.000355672 0.0323799 5.0042 8.38023e-12
0.346875 0.135622 0.142389 0.285752 0.0106525 -0.000719174 -0.0013973 0.0105236 6.6541 1.04047e-11
0.641682 -0.0539614 -0.0408444 0.638103 1.31231 0.00274637 0.0447162 1.31155 41.2279 2.59668e-11
0.0823438 -0.00607141 -0.00844382 0.0816844 0.479597 0.0159699 0.0590443 0.475681 8.83724 1.25911e-11
0.0902239 -0.0501172 0.0192412 0.0725147 0.119875 0.0178285 0.118105 0.0101467 4.44271 7.59336e-12
0.161913 0.0212901 -0.016242 0.159683 1.51541 -0.106971 0.0370203 1.51118 9.83783 1.34548e-11
0.71582 0.0642911 -0.0508773 0.711109 1.45913 0.027361 0.0461325 1.45814 26.6409 1.47989e-10
0.211184 0.15262 0.0731535 0.12631 0.0321297 0.00592711 -0.00323901 0.0314076 3.98751 5.2417e-11
1.25099 0.229559 -0.12011 1.22386 0.405855 0.0729626 -0.099831 0.386559 4.69573 7.95503e-12
2.1043 0.0935555 0.367283 2.06988 1.16082 0.00547064 0.118965 1.1547 14.1003 1.64652e-11
0.462712 -0.136467 0.0255995 0.441388 0.414596 -0.172631 -0.0322751 0.375562 9.03952 2.06367e-10
1.33628 -0.336479 0.20302 1.27719 0.861375 -0.130455 0.109164 0.844412 10.8851 2.63601e-10
0.970573 0.132212 0.00421193 0.961516 1.20884 0.289286 -0.0544841 1.17245 4.51756 7.7016e-12
0.0693789 0.054615 -0.0106318 0.0414438 0.0571904 0.017539 0.0443532 0.0315541 2.01076 3.36528e-12
0.125761 0.0277787 0.00500207 0.122553 0.153426 -0.0776048 0.0513993 0.121963 4.17884 6.22662e-11
0.533262 0.222776 0.292781 0.38603 0.180833 0.019748 0.0960901 0.151911 14.8937 3.14896e-10
0.777881 -0.0144126 0.234341 0.741603 0.155625 0.0395791 0.0488273 0.142366 16.8509 1.80048e-11
0.0267509 0.0261774 -0.00276475 0.00476561 0.350249 -0.0189813 0.0127127 0.349503 4.5315 7.72165e-12
0.0880407 0.0372499 -0.00881962 0.0792832 0.573117 0.00197857 -0.0339416 0.572107 4.54238 7.73726e-12
1.98944 0.0434297 -0.0133285 1.98893 4.95931 0.0843045 0.134822 4.95676 11.689 1.48772e-11
0.647578 -0.000360034 -0.00973835 0.647505 0.625927 0.0585698 0.0110128 0.623083 13.3123 1.59742e-11
0.057334 -0.0451658 0.0182472 0.0302372 0.265436 0.0231669 -0.0354682 0.262033 4.42806 7.57205e-12
0.363066 0.125454 -0.0101765 0.340551 0.15069 0.0635817 -0.0604384 0.122523 7.60089 1.1411e-11
0.11669 0.0737666 0.0398919 0.0811394 0.0126399 0.0101032 -0.00468044 0.00596025 10.9307 2.65017e-10
0.0799762 -0.0128465 0.0227407 0.0755911 0.210677 0.0108881 -0.0361961 0.207258 1.7577 2.83568e-12
2.02034 -0.412118 0.0804779 1.97622 0.00835716 -0.00582013 -0.00492212 0.00338834 4.85792 8.18064e-12
0.268804 0.0628669 0.000306533 0.261349 0.106403 -0.0367646 -0.0251116 0.0966392 0.619007 5.8095e-13
1.6598 -0.0568685 0.108263 1.65529 0.0300994 -0.00822848 -0.00242686 0.0288464 3.29263 5.78244e-12
0.724694 -0.131789 0.151583 0.696301 0.0124194 -0.0103878 -0.00329971 0.00593179 5.88801 9.60987e-11
0.689505 -0.00658902 -0.0906524 0.683488 2.73441 0.209716 -0.259485 2.71398 8.37123 1.21625e-11
0.0563203 0.00876944 -0.0208163 0.0515922 2.41605 0.0519751 -0.289926 2.39803 9.65679 1.3304e-11
0.952044 0.12912 0.194743 0.922926 0.306793 0.106569 0.0399116 0.284906 6.17102 9.85109e-12
0.947089 -0.193253 -0.1732 0.910842 0.36447 -0.0635812 -0.0107072 0.358721 4.69775 7.95787e-12
2.83753 -0.140926 0.0756999 2.83302 0.477631 0.0106856 0.0226203 0.476975 12.9628 1.57485e-11
0.30722 0.0709883 0.149749 0.258689 0.0309308 0.0216878 0.0184633 0.01205 4.48998 7.66184e-12
0.549198 -0.0656071 -0.0775264 0.539725 0.252194 0.0418159 0.0092374 0.248531 2.79358 4.89671e-12
2.03215 0.0121517 0.094958 2.0299 0.602286 0.0270392 -0.012393 0.601551 6.35084 1.00605e-11
1.32638 0.23685 -0.0524068 1.30401 0.236208 0.0175658 0.0332764 0.233192 3.83199 6.66856e-12
1.40772 0.15105 0.0107301 1.39955 0.0389168 0.0227361 -0.00433917 0.031281 12.7744 3.22335e-10
0.492097 -0.119797 -0.0447265 0.475193 0.375591 -0.0959811 0.0468709 0.360082 2.70893 4.73968e-12
0.831862 0.0230239 -0.195998 0.808114 0.175519 0.0149703 -0.0703207 0.160117 11.6077 1.48188e-11
0.0468069 -0.00095088 -0.0207777 0.0419318 0.318114 0.163587 0.136282 0.236353 7.73114 1.15419e-11
0.69483 0.00318704 -0.189003 0.668623 0.308805 -0.0429914 -0.0519492 0.301353 6.74055 1.05008e-11
0.329693 -0.0278422 0.0483706 0.324934 2.24456 -0.0786949 0.0210485 2.24308 16.6617 1.79066e-11
0.230715 -0.0215296 -0.0238345 0.228468 0.059449 -0.0568074 0.00641586 0.0162998 0.535604 4.01359e-13
0.288839 -0.114093 -0.0616762 0.258082 0.00332427 -0.00182772 -0.000995643 0.00254142 26.3073 2.74544e-10
1.08309 -0.0241389 0.286928 1.04411 0.0469637 -0.0258104 0.00526072 0.0388777 6.85113 1.06223e-11
0.0730993 -0.00664154 0.0318302 0.0654694 0.0491326 -0.0340448 -0.0314185 0.0163578 2.1473 3.645e-12
0.694285 -0.25795 0.0600941 0.64178 0.258969 -0.0397259 0.0143961 0.255498 6.86727 7.04747e-11
0.298847 -0.0241097 -0.0280464 0.29655 0.0228504 0.019367 -0.0119511 0.00199212 2.84029 4.9825e-12
1.10249 0.305257 0.0297167 1.05897 0.0367572 0.0130365 0.017908 0.0293289 15.252 1.71399e-11
0.305303 0.15651 0.113499 0.23629 0.0381917 0.0288352 0.0231544 -0.00952644 1.85099 3.03208e-12
1.38391 -0.0119826 0.0698163 1.38209 0.165842 0.0197851 0.00389363 0.164611 3.19115 5.60781e-12
0.308136 -0.06535 -0.170487 0.248217 0.0334974 0.000922281 -0.00379938 0.0332645 1.63411 2.57515e-12
0.33351 -0.00706726 -0.0471194 0.330089 0.097676 -0.0369785 0.0235894 0.0872724 2.32984 4.01092e-12
0.287521 0.1633 0.0358536 0.233915 0.183136 0.0385571 -0.0317728 0.176188 9.6966 1.33374e-11
0.163542 0.0187478 -0.117509 0.112188 0.00474316 0.000787101 -0.00359825 0.00294458 2.57131 4.47995e-12
1.6066 -0.252249 -0.0885373 1.58421 0.65296 -0.0708242 0.0348691 0.64817 4.85293 8.0806e-11
5.15336 -0.0416618 -0.0786254 5.15259 5.06733 -0.0344312 -0.00805547 5.06721 32.8508 2.39276e-11
0.718135 0.0700797 -0.00317361 0.7147 1.79938 0.0539853 -0.158413 1.79158 20.3791 1.96726e-11
0.515672 0.211174 -0.00582477 0.470414 0.0481517 0.0283691 0.0251521 0.0296799 5.48453 9.01041e-12
0.184168 -0.00771539 0.040307 0.179538 0.446115 0.106176 -0.0444249 0.431013 2.50329 4.34969e-12
0.460011 0.0360914 -0.0377752 0.457035 0.918342 -0.0873972 -0.0387933 0.91335 2.07452 3.49649e-12
2.18033 -0.343914 -0.188679 2.14476 0.0667903 -0.0186251 -0.0245949 0.0592358 6.29407 9.99483e-12
0.184613 0.0466365 0.0795414 0.159938 0.023414 0.0131709 -0.0193428 -0.000580754 5.04621 8.62763e-11
0.0354947 0.010767 -0.00369992 0.0336192 0.0982276 -0.0128735 0.000408798 0.0973782 3.63707 6.35612e-12
0.162292 0.00718147 0.0660505 0.148069 0.207526 -0.12532 0.0428421 0.159769 2.02222 3.38892e-12
0.0957964 -0.00359987 0.0118879 0.0949878 0.460812 0.0223544 -0.127371 0.442294 3.69577 6.45119e-12
1.08696 0.167845 0.0429582 1.07307 0.0866038 0.00214516 0.00460918 0.0864529 5.84226 4.4947e-11
0.614512 0.187815 -0.228639 0.538586 0.195123 0.00593739 -0.069868 0.182088 9.65 1.86977e-10
0.0899837 -0.0522599 -0.0387235 0.0621809 0.00281621 0.00176971 0.00174959 -0.00121571 6.69832 1.15423e-10
2.17904 -0.203276 0.106311 2.16693 0.24588 -0.0189612 -0.010829 0.244908 6.27273 9.97004e-12
0.306033 0.0846071 0.180627 0.232103 0.0613719 -0.00172898 -0.00413069 0.0612062 2.53248 4.40577e-12
0.238096 -0.043038 0.0343534 0.23164 0.11683 1.22802e-05 -0.00408169 0.116758 1.70047 2.71492e-12
0.0429497 0.0121373 0.0290473 0.0292168 0.598166 -0.170066 0.100879 0.564539 2.60726 4.54826e-12
1.05821 0.00939842 0.0675187 1.05601 0.214051 -0.00121722 -0.012698 0.21367 3.95068 6.85436e-12
0.0559075 0.0475017 0.0246878 0.0161168 0.128344 -0.0210824 -0.0301656 0.122954 2.82822 2.90698e-11
4.69429 0.0295889 -0.223341 4.68888 1.32746 0.0458426 -0.0232398 1.32647 9.19198 1.29059e-11
2.03852 0.0429812 -0.0582086 2.03724 2.46281 -0.0480596 -0.0827294 2.46095 10.3307 1.38539e-11
0.0522572 0.0179811 0.0076903 0.0484599 0.542776 0.03685 -0.00807649 0.541464 16.5313 1.78384e-11
2.83001 -0.239985 0.0455329 2.81945 0.760031 -0.120141 -0.0195043 0.750221 5.66177 9.23388e-12
3.44739 0.0807125 -0.0579075 3.44596 0.0170023 -0.00349862 0.00055223 0.0166214 5.60951 9.1684e-12
2.76776 0.00956484 0.0168177 2.7677 0.467247 -0.00227157 0.0230678 0.466671 33.2822 2.40446e-11
0.0913268 -0.0290619 -0.0104636 0.0859447 0.0976059 0.0716442 -0.0629848 0.0206563 4.56811 7.28631e-11
0.405959 0.137368 0.125241 0.360898 0.0365327 -0.0227763 0.014818 0.024414 1.80735 2.9403e-12
0.986224 -0.065226 -0.10434 0.978517 0.0376935 0.00336638 -0.00593674 0.037067 3.98129 6.90181e-12
0.12358 0.00103429 -0.0726174 0.0999889 0.310889 -0.127173 -0.118739 0.257643 13.6981 1.62175e-11
0.214905 0.0490436 0.0141237 0.208756 0.0591424 -0.0154462 -0.0340268 0.0458384 5.62718 8.81071e-13
0.214116 -0.022273 0.0399978 0.209164 0.589524 0.0729532 -0.0315012 0.584144 4.28495 7.36169e-12
0.113295 -0.0862676 0.0406928 0.0611364 0.0224819 0.000812399 0.00762437 0.0211278 2.58623 4.50833e-12
1.6408 0.213915 -0.137494 1.62097 0.550075 0.00791838 -0.0289964 0.549253 3.36525 5.90575e-12
0.506731 -0.224699 0.0819109 0.44674 0.0343956 -0.00667502 0.0203059 0.0269428 14.1604 1.65017e-11
0.275619 -0.0696845 -0.0129632 0.266349 0.891007 -0.325803 -0.241565 0.793343 10.1005 2.39221e-10
0.285516 -0.047279 0.0135007 0.281251 3.16206 -0.122425 0.0748252 3.1588 9.44125 1.31212e-11
0.532874 0.168019 0.039051 0.504181 0.00638709 0.00100006 0.00609973 0.00152578 12.7373 1.55996e-11
0.783296 -0.034915 -0.211073 0.753513 0.632054 -0.00443118 -0.0675448 0.628419 6.56878 1.0309e-11
1.81744 0.26332 -0.160728 1.79107 0.0166721 0.00213426 -0.00445768 0.0159145 5.98889 9.63468e-12
0.420701 0.106063 -0.0524561 0.403718 0.0202344 0.0102589 -0.00919867 0.0148091 2.28065 3.91331e-12
0.24311 -0.0556668 0.101968 0.213556 0.113549 -0.000789175 0.0042663 0.113465 3.66335 6.39876e-12
1.27096 -0.214396 -0.191417 1.23804 0.0277959 0.00361129 -0.00754513 0.0265024 14.4323 1.43344e-10
0.423266 -0.00386745 -0.0408905 0.421269 0.246816 0.0818827 -0.032047 0.230621 6.99811 1.07817e-11
0.166575 0.0105907 -0.0261548 0.164167 2.11133 0.360033 -0.00724084 2.08039 7.08586 1.08758e-11
0.282384 -0.153474 0.127918 0.199558 0.0377003 -0.0242123 -0.0090502 0.0274392 5.6634 9.23591e-12
0.820474 -0.139791 0.297495 0.751753 0.460988 -0.0634774 0.118416 0.440974 11.0264 2.20618e-10
1.11997 -0.102467 -0.00259149 1.11527 0.393067 -0.0958055 -0.0417315 0.378921 5.13495 8.55555e-12
0.775899 -0.0409237 0.0636831 0.772198 0.195153 -0.00763879 -0.00404648 0.19496 4.83476 8.14872e-12
0.195081 -0.134538 0.094763 0.104766 0.00304533 -0.00184328 -0.00114869 0.00207287 1.58446 2.47114e-12
0.288459 -0.000405253 -0.105788 0.268361 0.539678 0.048114 -0.0508421 0.535119 3.42799 6.01141e-12
1.7823 0.0945458 -0.101949 1.77687 0.576687 0.0415647 0.00693119 0.575145 16.1252 1.76226e-11
0.0753827 0.0126244 0.0544672 0.0505618 0.0787269 -0.0224294 -0.00777871 0.0750605 6.01609 9.66728e-12
0.328028 0.0351629 -0.141051 0.294059 0.00957843 -0.00230013 -0.00911753 0.00175106 5.83799 9.45182e-12
1.27433 -0.0472501 0.0769882 1.27112 1.09697 0.0297941 0.102309 1.09178 5.81928 9.42891e-12
0.148373 0.0858037 0.0401403 0.114197 0.0536697 -0.00527946 0.0150152 0.0512527 15.294 1.71636e-11
0.0241491 -0.0180538 -0.0145642 0.00671753 0.424257 0.00167346 -0.0619158 0.419711 0.757629 8.79857e-13
0.887011 -0.0769579 0.159039 0.869236 0.762819 -0.126706 0.0648871 0.749419 18.2346 1.86949e-11
3.73683 -0.029362 0.191459 3.73181 0.756212 0.0424981 0.0660329 0.752124 8.13284 1.19357e-11
0.180092 -0.00390097 0.0677823 0.166804 0.044492 -0.0141968 0.0128555 0.0401555 1.23162 1.76833e-12
1.55221 -0.0828131 -0.0213945 1.54986 1.14629 -0.030003 -0.110641 1.14054 15.9337 1.75187e-11
0.102309 -0.068324 -0.0608611 -0.0457708 0.0472866 0.0412898 -0.0198461 0.0117065 3.24694 3.66982e-11
1.65112 0.359197 -0.0189205 1.61146 0.0848392 0.00831457 0.0135472 0.0833353 2.73706 4.79212e-12
0.896345 -0.131726 -0.123103 0.878025 0.043659 -0.00140828 -0.0118602 0.0419905 10.8834 1.42829e-11
7.39422 0.132784 -0.110062 7.39221 0.665848 -0.014346 0.00695273 0.665657 14.8991 1.69383e-11
1.94895 -0.0511565 -0.0100799 1.94825 0.160932 0.00111823 0.0152442 0.160204 3.02878 5.32258e-12
0.445103 0.0240132 -0.0795824 0.437272 0.0110384 0.00859336 0.00233064 0.00650445 22.6917 4.71929e-11
0.0240759 -0.00645029 0.0124954 0.0195425 1.02636 0.28594 0.117358 0.97871 7.19573 1.09924e-11
0.79248 -0.028926 0.0732115 0.78856 0.452586 -0.0955566 0.00395524 0.442366 3.22354 5.66389e-12
0.629892 0.00273684 0.05466 0.62751 0.444125 -0.0329116 0.0475138 0.440347 5.24447 8.70021e-12
2.28426 0.117669 -0.199695 2.27247 0.0166299 -0.00397411 -0.0103286 0.0124024 6.30965 1.00129e-11
1.409 -0.274236 -0.142054 1.37474 0.0174174 0.00253748 0.0012641 0.0171776 2.96548 5.20947e-12
0.272182 0.131251 0.0854837 0.222596 0.0436088 -0.00166417 0.02672 0.0344201 4.76133 8.04685e-12
1.67746 -0.099121 0.13539 1.66904 0.424636 -0.0293015 0.035503 0.422133 2.79391 4.89733e-12
0.939761 -0.00246804 0.246067 0.90697 0.0348169 0.00947851 0.0130065 0.0308699 3.06625 5.38899e-12
1.21357 0.0173037 -0.092693 1.2099 0.525961 -0.059206 -0.00480583 0.522596 4.44296 7.59372e-12
1.84428 0.0915931 0.141805 1.83653 3.06311 0.120026 0.0867371 3.05953 10.9226 1.43127e-11
1.73385 -0.0711067 0.0319737 1.7321 2.01161 -0.0318296 0.0104479 2.01133 33.4917 2.41008e-11
0.316721 0.25554 0.15787 0.100444 0.0176273 -0.0127973 0.000842553 0.0120823 4.13061 7.13034e-12
2.08608 -0.394197 0.0183117 2.04841 0.113983 -0.0141918 0.00252995 0.113067 9.55684 1.32197e-11
0.413943 0.152537 0.0551157 0.380846 0.0910336 -0.0103405 0.0269268 0.0863416 15.3 1.7167e-11
0.256656 0.0804667 0.0205589 0.242848 0.268742 0.0294998 0.0208383 0.266304 13.2165 1.59129e-11
2.17018 -0.0470627 -0.0582876 2.16888 3.94005 0.0553155 -0.163593 3.93626 15.3482 1.71942e-11
1.26777 0.101933 -0.216966 1.2449 0.0095616 -4.83108e-08 0.000461489 0.00953683 3.90769 6.78739e-12
0.674482 -0.056009 0.0633454 0.66916 0.00579173 -0.00343748 0.00139251 0.00441912 1.52432 2.34614e-12
1.43799 0.226269 -0.159619 1.41108 0.353229 0.039373 -0.0274732 0.34995 16.1867 1.76556e-11
0.166145 -0.0894244 0.0818123 0.113641 0.167603 -0.0354049 0.00439022 0.163762 5.28367 8.75151e-12
2.31663 0.05747 -0.276457 2.29936 0.861378 -0.0225554 -0.11755 0.853021 12.2181 1.52486e-11
0.855111 0.0652408 -0.170097 0.835479 1.37617 -0.0186718 -0.385562 1.32092 6.52613 1.02608e-11
0.155881 0.0772793 -0.0673273 0.117448 0.178165 -0.0111453 -0.0417493 0.172844 22.5848 2.0582e-11
0.195961 0.0871113 -0.0224978 0.174087 0.363608 0.0202876 0.0163648 0.362673 7.06858 1.08573e-11
0.713602 0.0166541 0.0353505 0.712531 0.858234 0.107724 -0.0535918 0.849758 20.8364 1.98684e-11
1.77839 0.0198413 0.124786 1.77389 0.238867 0.00413566 -0.0151059 0.238352 6.728 1.04869e-11
0.744822 -0.0511468 -0.00816553 0.743019 0.794786 0.0256756 0.0254847 0.793962 3.59904 6.29418e-12
0.971744 0.256222 -0.0553932 0.935718 0.120714 0.0376899 -0.0169238 0.113422 10.4801 2.51021e-10
1.74406 -0.267721 0.2503 1.70511 1.67795 -0.13477 0.204169 1.66002 12.3972 1.53708e-11
0.54047 -0.0278591 -0.0243147 0.539204 13.5191 -0.241536 -0.286151 13.5139 35.2638 2.45635e-11
0.834892 -0.215344 0.370845 0.716342 0.118199 -0.0330391 0.0503883 0.101687 16.9461 2.04797e-10
0.0702299 -0.0582354 -0.00898482 0.0382119 0.0367924 0.0292982 -0.0190806 0.0114442 3.83917 5.33184e-11
0.361519 -0.0236129 0.112529 0.342747 0.369347 0.0310644 0.0665745 0.361967 3.8301 6.66556e-12
0.195928 -0.0534601 -0.0126421 0.18807 0.039647 0.0118211 -0.0151882 0.0346584 21.4347 2.01188e-11
0.188513 -0.0492434 0.0731732 0.166607 0.487386 -0.0453233 0.1176 0.470809 4.49787 7.67323e-12
0.19728 -0.0288605 0.0717658 0.181483 0.0192846 0.00967108 0.0164234 -0.00289433 27.7521 2.24183e-11
1.40252 -0.167053 -0.266997 1.3667 0.0455102 -0.00554787 -0.00110222 0.0451545 7.62304 1.14334e-11
2.54825 -0.0710505 -0.0712057 2.54626 0.126257 -0.0105341 0.00191685 0.125801 5.21987 8.66788e-12
8.70229 0.140518 0.168228 8.69952 0.0293267 0.000101855 0.000893754 0.0293085 32.3168 2.37808e-11
1.02834 0.229702 0.158915 0.989676 0.303607 0.0776993 -0.0223827 0.292641 5.56422 9.11138e-12
1.12361 -0.00634795 0.228853 1.10004 0.911127 -0.0970012 0.130893 0.896443 18.8216 1.89725e-11
1.33338 0.326442 0.264284 1.2655 0.182071 0.0306957 0.00384833 0.179422 5.75674 1.57134e-11
0.813908 -0.039571 -0.120242 0.804004 0.541221 -0.105641 -0.0867773 0.523669 4.19182 7.22267e-12
0.590595 0.175131 0.0116977 0.56391 0.390216 0.0601817 -0.0666606 0.37974 17.0366 1.81004e-11
1.80659 0.34188 -0.253332 1.75576 0.0197873 -0.000968152 -0.00590699 0.0188533 7.81136 1.16217e-11
0.136258 -0.116101 -0.0487996 0.0520137 0.0301366 0.023684 0.00210141 0.0185096 4.20336 5.72011e-11
0.690236 -0.0959102 0.206655 0.651552 0.151707 0.0263382 0.0502874 0.140685 4.68838 7.9447e-12
1.1184 -0.358879 -0.0148877 1.05916 0.127675 -0.067665 0.0293101 0.104226 22.1111 2.03939e-11
2.711 -0.0225985 -0.00853144 2.71089 0.429246 -0.00504703 0.0371576 0.427604 4.85143 8.17171e-12
0.178242 0.0351609 -0.00253876 0.174721 0.0782014 -0.0110936 0.0438956 0.0637598 1.70377 2.72187e-12
0.289293 -0.161696 -0.126174 0.204022 0.0182997 0.00982117 0.00484752 0.0146515 3.08888 5.42893e-12
0.220478 0.000935983 0.124452 0.181992 0.0755031 -0.0534728 -0.00733015 0.0527957 4.92431 8.27168e-12
3.96013 -0.02867 0.112826 3.95842 1.85019 0.00693726 0.0134477 1.85013 16.2427 1.76856e-11
1.45043 -0.223491 -0.141787 1.42608 0.0143251 0.000812893 0.010093 0.0101202 11.1102 2.5017e-11
0.487969 0.0735314 -0.0208279 0.481947 2.42052 0.542486 0.120965 2.35584 48.6753 2.74585e-11
0.16398 0.0353414 0.0594894 0.148666 0.00655886 -0.00290339 -0.000121973 0.00585782 4.01432 6.95278e-12
0.0531868 -0.0414172 -0.00449589 0.0330642 0.19685 0.0628444 0.0661949 0.174409 0.604357 5.4884e-13
0.579027 -0.184458 0.203517 0.509734 0.0131158 -0.00665442 0.0112648 -0.000765748 7.20361 1.10007e-11
1.14709 0.0245829 -0.266218 1.1155 0.0381373 -0.000688025 -0.00753562 0.0373756 8.12094 1.19242e-11
0.0345309 -0.00967079 -0.00177634 0.0331014 0.910039 0.0826409 -0.0504674 0.904873 13.985 1.63949e-11
0.0447527 0.0404225 -0.0155378 0.0112873 0.00921406 -0.00581906 -0.00638769 0.00315829 3.81193 6.63685e-12
6.42112 -0.125303 0.107984 6.41899 5.16176 -0.16304 0.00118057 5.15919 16.8446 1.80015e-11
0.775341 0.200423 -0.0833851 0.744332 0.039545 0.0308172 0.00821214 0.0233753 3.00835 5.28619e-12
0.0656005 -0.0152628 0.0215728 0.0600424 0.394905 -0.0547363 -0.0617701 0.386184 3.33189 5.84925e-12
0.0982948 0.0700707 0.0127915 0.0677372 0.328127 0.0241794 -0.011786 0.327022 3.44047 6.03232e-12
6.66702 -0.1133 -0.0667719 6.66573 0.42512 -0.0170825 -0.0138969 0.424549 14.2932 1.65817e-11
0.372604 0.0130327 -0.102947 0.357863 0.0181783 0.00255326 0.0123271 0.013104 0.899505 1.16268e-12
0.0179441 0.00637943 -0.0142559 -0.0088354 0.204766 0.00470602 0.176045 0.104474 3.10514 5.45755e-12
0.218697 -0.0964849 -0.0965154 0.170891 0.132514 -0.0421065 0.00662726 0.125471 3.2343 5.68244e-12
0.366429 -0.0217526 0.0401334 0.363574 0.0465268 -0.00954851 -0.0149369 0.0430139 0.995086 1.34189e-12
1.18456 0.0482036 -0.0924878 1.17996 0.193138 0.0269233 0.0132349 0.190793 2.28286 3.91772e-12
0.862287 0.0819561 -0.149478 0.845268 0.0220432 -0.00734978 0.00305723 0.0205493 1.80594 2.93732e-12
0.408726 -0.0282878 -0.0318801 0.406498 0.167915 -0.0453448 0.011896 0.161237 18.3747 1.87619e-11
0.330984 -0.0283409 0.08222 0.319354 0.425172 -0.0289649 -0.0355686 0.42269 3.80512 6.62605e-12
0.0797521 0.00817525 0.0396109 0.0687353 0.269936 0.059177 0.0236714 0.262303 5.07216 8.47171e-12
0.225935 0.0203201 0.0409022 0.221271 0.0171483 -0.00605862 -0.0156157 0.00363955 1.38765 2.06878e-12
1.72171 0.0529123 -0.0430731 1.72036 1.23683 -0.0562135 0.00161148 1.23555 20.014 1.95133e-11
0.51705 -0.0425723 -0.0413411 0.513634 2.67409 -0.483048 -0.128429 2.62696 12.4401 1.53999e-11
0.111389 -0.0876923 0.026425 0.0633983 0.0750048 0.0119872 0.0045093 0.0739015 0.678638 7.11486e-13
0.397772 0.00167234 -0.171542 0.358878 0.276267 -0.0747805 -0.0992948 0.246722 16.2796 1.77053e-11
0.462371 0.0697452 -0.018319 0.456714 0.240738 -0.0268078 -0.0556845 0.232669 8.73834 1.25013e-11
0.967338 -0.0415881 -0.215408 0.942132 0.0310992 -0.00290235 0.01256 0.028297 4.07774 7.04998e-12
0.407621 0.0376632 -0.248631 0.320809 0.085438 0.0571756 -0.0395228 0.049682 13.3343 1.30862e-10
0.223472 -0.0594512 -0.0526644 0.208882 0.0476669 0.00895004 -0.0290731 0.036695 3.36271 5.90146e-12
0.207124 0.110579 -0.0396508 0.170588 0.0161069 0.0131942 0.00132383 0.00912877 4.10586 7.09279e-12
1.36391 -0.055851 0.0663488 1.36115 2.001 -0.200335 0.00913662 1.99092 23.7512 2.10296e-11
0.229286 -0.0196087 -0.00728594 0.22833 0.335415 0.00567652 -0.0540396 0.330984 24.2486 2.12137e-11
0.0692432 0.0311951 0.0104158 0.0609343 0.211701 -0.0443239 -0.0243055 0.205577 8.1125 1.19161e-11
