0.648864 0.0934473 -0.172012 0.618631 0.0252013 0.00938464 -0.00177609 0.0233156 3.93902 6.83624e-12
0.159308 -0.142622 -0.0459625 0.054088 0.00866897 -0.00109664 -0.00340394 0.00788045 3.25386 1.65526e-10
0.157344 -0.0538484 0.0131903 0.147253 0.0882086 -0.00721158 0.0672318 0.0566425 3.17356 5.57723e-12
0.0705667 0.0136726 0.000453752 0.0692279 0.33338 -0.0567475 -0.0333695 0.326815 9.22067 1.29309e-11
4.06876 0.105894 -0.40374 4.04729 2.00788 0.128715 -0.172661 1.99629 21.206 2.00239e-11
2.26237 -0.173848 -0.073993 2.25447 0.0363859 0.0066125 0.0112943 0.0339469 2.93008 5.14573e-12
1.16236 0.119632 0.0540352 1.15493 0.0810862 -0.0055011 0.00575914 0.0806925 8.43174 8.44731e-12
0.0110808 0.00552225 0.00949088 -0.0014876 0.29558 0.0665588 -0.0477932 0.283995 3.69799 2.04303e-10
1.28618 0.0971477 -0.0697351 1.28061 0.103264 0.0126791 0.0133913 0.101603 2.11621 3.58174e-12
1.46327 -0.015282 -0.137575 1.45671 0.295931 0.0505839 -0.011309 0.291356 14.3921 6.41331e-10
1.24472 -0.0866783 -0.129731 1.2349 0.030014 0.00444964 -0.00113488 0.0296563 2.15293 3.65643e-12
0.318476 -0.110232 -0.176568 0.241038 0.0172271 0.00629359 -0.0104988 -0.0121112 4.19365 7.22541e-12
1.24078 -0.209231 -0.147168 1.21412 0.0289579 -0.00482467 -0.0030705 0.028383 31.0774 2.46719e-09
0.0554081 -0.0186986 -0.0206504 0.0478955 0.906278 0.0515039 -0.0213105 0.904562 1.87571 3.08398e-12
0.409363 -0.261823 -0.155895 0.273356 0.105914 -0.0942163 -0.0346694 0.0337461 9.22329 6.84127e-10
0.344633 -0.0366211 -0.0911794 0.330329 0.197416 0.0253039 -0.0440482 0.190768 2.24858 3.84929e-12
0.600076 -0.090642 -0.0674549 0.589343 0.0826246 0.0171949 -0.00960276 0.0802414 9.42008 1.9543e-11
0.117034 0.0173076 -0.0168441 0.114515 0.0675633 -0.0532196 0.00880372 0.0406781 2.74344 4.80396e-12
0.275575 -0.0109492 0.0430146 0.271977 0.233642 0.0999414 0.028649 0.209236 3.25269 5.71407e-12
0.604024 -0.199907 0.127861 0.555458 0.00914088 0.00176594 -0.00224533 0.00866807 2.65075 4.63049e-12
1.16428 0.118123 -0.170833 1.14561 0.341427 -0.0169503 -0.0473393 0.337703 3.26676 5.73821e-12
0.0536041 -0.000773054 -0.0398274 0.035869 0.0167916 -0.00362076 0.0138135 0.00881899 3.25882 1.65955e-10
0.198398 -0.05823 0.0233136 0.188222 0.87581 -0.112989 -0.0952718 0.863249 2.95006 5.18174e-12
0.700379 -0.116148 -0.134736 0.677412 0.0259414 0.000886768 0.000171981 0.0259206 3.5107 6.14915e-12
0.130014 -0.0884389 0.00922392 0.0948527 0.0663642 -0.0199053 0.0235665 0.0587566 3.71696 6.48533e-12
0.55903 -0.0524986 0.0721716 0.55186 0.925785 -0.0632813 0.0105844 0.923559 3.93612 6.83172e-12
0.031625 -0.00606435 0.0225347 0.0213437 0.0761515 0.0078012 -0.018883 0.0733578 2.11964 3.58872e-12
0.766351 -0.0569158 -0.123169 0.754244 0.276423 0.0543163 -0.0553556 0.265321 3.14836 5.53329e-12
2.03663 -0.0588298 0.050871 2.03514 0.136233 0.0106925 0.0254754 0.133401 4.01111 6.94782e-12
0.222704 0.0184045 0.0166473 0.221317 0.784707 0.0951803 -0.100436 0.77241 4.49635 7.67104e-12
0.339989 0.0997416 -0.193811 0.260924 0.0555409 0.046796 0.00632342 0.0292349 4.18745 7.21609e-12
0.531223 0.0628954 0.108397 0.516229 0.384554 -0.0242988 0.0859646 0.374033 4.58174 7.79358e-12
0.0588751 0.000224076 0.0223944 -0.0544492 0.0692024 -0.0543251 0.000915684 0.0428562 3.96565 7.53566e-11
0.454739 0.029125 -0.0252115 0.453105 0.0066201 -0.00252252 -0.00428643 0.00433926 3.36177 5.89987e-12
0.924681 0.00762262 -0.0644886 0.922398 0.778384 0.0473435 0.0138726 0.776819 3.46948 6.08076e-12
0.133625 -0.0506869 -0.115986 0.0428214 0.0330353 -0.0284242 0.00244555 0.016648 1.08618 1.50702e-12
0.189202 0.0656773 -0.0556247 0.168492 0.219476 0.0800201 0.0693016 0.192259 1.73743 2.79292e-12
3.9267 0.0783937 -0.089724 3.92489 0.0767428 -0.0122956 0.00719215 0.0754075 4.22204 7.26796e-12
0.848852 -0.169668 0.0179993 0.831528 0.359514 -0.0481224 0.0543958 0.352101 2.24395 3.84e-12
1.45074 0.270402 0.413815 1.36392 0.131961 0.0503775 0.0315648 0.11781 25.935 2.05748e-09
0.0463806 -0.0365877 -0.00427839 0.0281815 0.252571 0.00723809 -0.0989054 0.232287 0.971834 1.29892e-12
0.72013 -0.0443268 -0.0357899 0.717873 0.667274 -0.0484565 0.0558313 0.663166 3.42582 6.00777e-12
0.113836 0.030899 0.0201837 0.107688 0.613814 0.0632822 -0.03524 0.609525 3.60465 7.7038e-11
1.08496 -0.0302807 -0.0351304 1.08397 2.12186 0.0585867 -0.0923191 2.11904 10.1189 1.36843e-11
0.683125 -0.0676004 -0.175722 0.656668 0.264427 -0.0696558 -0.0682098 0.245799 6.19135 2.40872e-10
0.292139 -0.00375894 0.0664515 0.284456 0.76704 -0.106553 0.106828 0.752053 14.9716 1.69801e-11
0.666454 0.0282632 0.209893 0.631908 0.146134 -0.0108258 0.0172366 0.144709 2.4045 4.1578e-12
0.114814 -0.013959 0.01093 0.113437 0.245672 0.0135381 -0.0974858 0.225095 1.86856 3.06897e-12
0.0629732 -0.0264356 -0.0239014 0.0519183 0.398554 0.00917207 -0.00795951 0.398368 1.61674 2.5387e-12
0.484073 0.18497 0.00720651 0.447281 0.342991 0.131726 -0.0669288 0.309534 8.247 1.2045e-11
0.856301 0.0840097 0.0883307 0.84758 0.0199237 -0.00942476 0.00732503 0.0159441 2.14625 3.64287e-12
0.0835321 0.00620882 -0.0355381 0.0753399 0.465786 -0.249294 -0.0836521 0.384463 1.95868 3.25743e-12
5.2778 -0.0391274 -0.187598 5.27432 3.11789 -0.0568652 -0.0499452 3.11698 15.7807 1.74349e-11
0.603005 -0.306155 0.00262105 0.519497 0.123826 -0.034157 0.0241499 0.116544 3.05081 5.36166e-12
0.868425 0.0867491 0.0795875 0.860408 1.07013 0.0155435 -0.00710716 1.06999 3.28236 5.76491e-12
0.180475 0.0102673 -0.0397126 0.175752 0.168108 -0.0367545 0.000421 0.164039 5.91921 9.55067e-12
1.14865 0.248577 0.206252 1.1023 0.404131 0.133881 0.0275654 0.380313 12.1651 4.49562e-11
0.0434509 0.04047 0.012965 0.00905904 0.149855 0.0116025 -0.0166699 0.148471 2.71619 2.12251e-12
0.805474 0.167777 -0.0616363 0.785391 0.109081 0.0147586 -0.0520957 0.0946919 4.35216 7.46098e-12
2.12509 0.561112 0.346781 2.02013 0.0217363 0.0195361 0.000536764 0.00950067 19.7735 1.56001e-09
1.39277 0.14253 -0.084745 1.38286 0.365609 0.0207916 -0.0794217 0.356272 3.48286 6.10301e-12
0.187338 -0.118826 -0.041493 0.13876 0.0265509 0.00128819 -0.00980134 0.0246366 4.01181 6.94891e-12
0.779857 -0.258872 0.0292469 0.735055 0.0664057 -0.00692138 0.00896143 0.0654312 3.24095 5.6939e-12
0.607142 -0.13287 0.207033 0.555072 0.0238446 0.00710893 0.00956374 0.0206471 10.5351 2.51828e-10
2.11199 -0.00366258 0.161928 2.10577 1.78648 -0.119051 0.169149 1.77447 11.9876 1.50888e-11
0.78906 0.08683 -0.0572008 0.782179 0.168322 0.0196401 0.0474484 0.160296 1.59781 2.49905e-12
0.878213 0.206785 -0.137009 0.842453 0.172866 0.00623939 -0.0142327 0.172165 3.31944 5.8281e-12
6.31019 0.320072 0.130806 6.30071 0.141868 0.0120492 0.0153669 0.140517 14.2268 1.65418e-11
1.27134 0.185547 0.121325 1.25187 2.04259 0.276257 0.0513815 2.02317 9.17053 1.28872e-11
0.349994 0.0517444 -0.0670186 0.339598 0.304944 -0.014652 -0.0253996 0.303531 4.21218 7.2532e-12
0.263431 0.0278602 -0.0717888 0.251925 0.297102 0.102592 0.00602808 0.278762 3.44404 6.03829e-12
2.10855 -0.274613 0.191263 2.08183 0.0118213 0.000584718 0.00173296 0.0116678 3.93643 6.8322e-12
1.0699 -0.0944049 0.249718 1.03606 0.0858547 0.0258023 0.0103211 0.081231 3.23243 5.67922e-12
0.240091 -0.00239872 0.010262 0.239859 0.131065 -0.072217 0.00848845 0.109043 2.3217 3.99482e-12
0.0638492 -0.0436896 0.0147013 0.0441793 0.171304 -0.0125059 0.0730945 0.15442 4.40922 1.035e-11
0.0806848 0.0644418 -0.00246683 0.0484893 0.185555 0.160489 -0.078768 -0.0496933 5.08702 3.26556e-10
0.0444798 0.0422785 0.000140084 0.0138188 0.129559 0.0627653 -0.0386965 0.106529 24.6059 1.9508e-09
0.430986 -0.0480936 -0.0126773 0.428107 0.0205396 -0.00570101 -0.0107582 0.016534 2.08132 3.51042e-12
0.174177 -0.0273852 0.0529492 0.163658 0.0633642 0.0549745 0.00161019 0.0314638 1.49144 2.2784e-12
0.600979 -0.0189458 -0.0865849 0.594407 0.0246365 0.00179031 -0.0147404 0.0196523 3.4939 6.12133e-12
0.222373 -0.10566 -0.036332 0.192264 0.0789786 -0.0127133 0.0546409 0.0555887 2.20946 3.77073e-12
0.135352 0.0341017 -0.0760228 0.106667 0.662806 0.00394196 -0.207455 0.62949 9.94744 1.35449e-11
0.0545266 -0.029511 0.0374224 -0.0264918 0.0168388 0.00452882 0.00579465 0.0151392 2.3485 4.9364e-11
1.54989 -0.129373 0.00486264 1.54448 0.847851 0.00543114 0.0268017 0.847409 3.06151 5.38061e-12
0.276458 0.166343 -0.0447496 0.216233 0.180996 0.127412 0.0644297 0.111239 2.28213 3.91627e-12
0.322485 -0.140431 0.150959 0.247966 0.0271445 0.00925883 -0.0104981 0.0232514 1.67097 2.65271e-12
0.0289477 0.0219917 -0.0162722 0.00946318 0.0414636 -0.00456285 0.00735812 0.0405464 1.63197 2.57066e-12
1.07574 -0.107696 0.143744 1.06064 0.0453319 0.00831997 0.0106192 0.0432751 3.18267 5.59308e-12
3.94286 0.240112 0.213835 3.92973 0.639771 0.0538199 0.0526568 0.635325 20.3889 1.96769e-11
0.941934 -0.00836277 -0.363018 0.869131 0.0140037 0.0037885 -0.0102557 0.00873567 3.34352 5.86898e-12
1.80313 -0.285935 -0.0611318 1.77927 0.0715152 -0.00314434 -0.00337346 0.0713645 3.25853 5.72411e-12
0.442559 -0.0319827 -0.162046 0.410581 0.0377691 -0.00285864 -0.0155799 0.0342832 2.68546 4.69576e-12
0.105492 -0.00822797 0.013984 0.104237 3.72716 -0.0280757 -0.252796 3.71848 6.30851 1.00116e-11
0.212313 -0.0338268 0.180582 0.106409 0.0120758 0.00773942 0.00514701 0.00769247 3.3875 1.77115e-10
0.117154 0.0292488 0.0229933 0.111089 0.105562 0.0100516 -0.009639 0.104638 2.78484 4.8806e-12
0.609269 0.119967 0.108278 0.587446 0.12134 -0.0164172 0.0118286 0.119639 42.9098 2.63262e-11
0.988076 0.00732175 -0.183331 0.970892 0.700238 -0.0591371 -0.0431922 0.696398 3.87925 8.60011e-11
0.850015 -0.0070502 0.00294448 0.849981 0.70964 -0.0524678 0.0857203 0.702487 5.05499 8.44868e-12
0.684768 0.145056 0.0770217 0.664781 0.100708 -0.0231391 0.0242093 0.0949752 3.9831 6.9046e-12
0.142541 -0.0307041 0.00770488 0.138981 0.25134 0.0580474 -0.10133 0.222563 2.76768 4.84889e-12
0.320155 0.0213173 0.12887 0.292297 0.145493 0.0411989 -0.0116117 0.139053 3.11403 5.47315e-12
0.297983 -0.107715 0.0952992 0.260978 0.1771 0.017962 0.0100742 0.175897 3.36284 5.90167e-12
0.275056 -0.00209056 0.0302785 0.273377 0.709468 0.171468 0.0269304 0.687909 10.2159 1.37623e-11
0.186729 -0.137743 0.0318794 0.121977 0.0590464 0.0168728 0.0469727 0.0315452 2.53231 3.57871e-11
0.833011 0.0179966 0.165684 0.81617 0.161148 -0.0195375 0.0440267 0.153781 2.93385 5.15252e-12
0.322699 -0.00406661 -0.00679145 0.322602 0.173938 0.0600846 -0.0265626 0.161054 3.86277 6.71703e-12
0.543633 -0.0750991 -0.204714 0.497984 0.0923955 -0.00100494 -0.0126366 0.0915203 2.05854 3.46369e-12
2.28431 -0.0237026 -0.0653055 2.28325 2.84535 0.0659983 -0.136017 2.84134 18.679 1.89058e-11
0.839769 0.00350735 0.120884 0.831015 0.18798 -0.030801 0.0198116 0.184378 2.75313 4.82194e-12
0.0673627 -0.0353777 0.0554349 0.0145987 0.10218 -0.0160817 0.0335825 0.0951526 1.13704 1.59752e-12
0.935441 -0.0372261 0.23554 0.904535 0.0537603 0.00195161 0.0330482 0.0423546 12.7508 1.56086e-11
0.368804 -0.0698062 0.0320927 0.360713 0.65481 -0.125182 -0.0690831 0.639009 3.06049 5.37881e-12
1.19465 -0.131367 -0.218241 1.16718 0.130791 0.0226266 -0.0197836 0.127289 3.01654 5.30078e-12
0.0503123 0.0269383 0.0316542 0.0283491 0.010557 -0.00901345 -0.00482936 -0.00257378 10.2283 7.695e-10
0.284684 0.0866096 0.0915146 0.255282 0.0119509 -0.00238599 0.00421874 0.010912 3.79494 6.60992e-12
2.52096 -0.332802 -0.139916 2.49497 0.44534 -0.0165816 -0.025874 0.444278 6.31295 1.00167e-11
0.0939199 -0.0342747 -0.0349508 0.0801538 1.33816 -0.0974744 -0.238481 1.31312 2.94422 5.17123e-12
0.0144851 -0.00844693 -0.00797897 -0.00864889 0.200531 -0.0494734 0.0175508 0.193538 1.48136 2.25773e-12
0.599111 0.155718 -0.00147453 0.578519 0.104009 0.0124127 -0.0140731 0.102301 4.33231 7.43175e-12
0.698496 0.0968562 0.13537 0.678373 0.0170491 -0.00663538 0.000264203 0.0156944 3.06228 5.38197e-12
0.901088 0.0466932 0.0578354 0.898017 1.16826 -0.0147558 0.0153405 1.16806 11.5126 1.475e-11
0.8076 -0.0139443 0.05808 0.805388 0.00847254 0.000470803 0.00357671 0.00764914 2.88392 5.06208e-12
1.01439 -0.121534 -0.154576 0.995152 0.498993 -0.0866923 -0.139662 0.471139 3.99261 6.9193e-12
0.686636 -0.0897129 -0.113894 0.671155 0.382541 0.00295077 -0.129518 0.359936 2.73721 4.79239e-12
1.34079 -0.127063 0.0603226 1.33339 0.1804 0.00295324 0.00709734 0.180235 11.8686 1.50051e-11
0.031657 0.0140878 0.0228356 0.0167999 0.211327 -0.00125524 -0.0333338 0.208677 1.5833 2.46873e-12
1.62963 0.197612 -0.165372 1.60913 0.20003 -0.00731722 -0.016158 0.199242 20.9307 1.99083e-11
1.05495 -0.221825 0.0918903 1.02726 1.35166 -0.230728 0.0903913 1.32875 6.95699 2.79046e-10
0.423359 -0.063189 0.113718 0.402875 0.0270344 -0.00721028 -0.0163242 0.020301 3.38643 5.94152e-12
1.14079 0.29631 0.0701145 1.0994 0.186902 0.0319786 -0.0322229 0.181304 2.07337 3.49413e-12
0.418568 -0.180557 0.0338076 0.376106 0.397569 -0.125518 -0.074517 0.369801 2.63306 4.5971e-12
0.0862985 -0.0492734 -0.0188513 0.0682949 0.0859387 0.0636475 0.0168461 0.0552304 2.79184 4.8935e-12
0.214969 0.0863727 0.0902977 0.174922 0.0380437 -0.00931459 -0.0146465 0.0338494 3.36705 5.9088e-12
0.0544739 0.0195501 0.00531957 0.0505658 1.36588 -0.141156 0.0397854 1.35799 3.71188 6.47714e-12
0.0725296 0.0540411 0.0425304 0.0230492 0.0543979 -0.021738 -0.00897675 -0.0490484 2.85113 1.30871e-10
0.0574154 0.0379714 -0.0136038 0.0408612 0.258803 0.0140569 0.0514833 0.25324 2.37693 4.10374e-12
0.70227 0.153337 0.0669899 0.682044 0.324442 0.0460336 -0.0287573 0.31987 3.288 5.77454e-12
0.724261 -0.368094 -0.00326817 0.623739 0.0718953 -0.00872533 0.0430187 -0.056938 13.8614 6.1586e-10
0.361023 0.0397064 -0.0864378 0.348266 0.740233 0.00799658 -0.176284 0.718891 6.02989 9.68378e-12
6.57409 -0.136077 0.21698 6.5691 0.0213396 -0.00105639 0.00235635 0.0211767 18.8413 1.89817e-11
0.0707027 -0.0120265 0.00491228 0.069499 5.23767 0.136266 -0.112657 5.23469 5.59568 9.15102e-12
1.07639 -0.0472646 -0.0737784 1.07281 0.321204 0.0022094 0.0414614 0.318509 3.8755 6.73701e-12
0.268996 -0.0129251 -0.0479818 0.264366 0.30822 -0.0603548 -0.00552068 0.302202 2.31933 3.99013e-12
0.224463 0.00915886 0.0144435 0.22381 0.242034 -0.0622024 0.0695512 0.223324 6.42947 1.01508e-11
0.539491 0.00400032 -0.0915795 0.531646 0.15219 -0.0390619 -0.0760666 0.125895 2.78233 4.87596e-12
0.073559 -0.0585425 0.0425539 0.0131479 0.0974434 -0.0359139 0.0142078 0.0894611 3.53355 1.89881e-10
0.688149 -0.0155008 0.0142681 0.687826 0.327451 0.0508088 -0.0282422 0.32225 2.84105 4.98389e-12
0.258363 -0.104075 0.0231771 0.235336 0.157435 -0.0037074 -0.0281327 0.154856 4.34657 7.45275e-12
0.220167 -0.0562097 -0.0251704 0.211377 0.045545 -0.0147167 -0.0430903 -0.000855357 2.75856 4.83201e-12
0.230926 0.0394947 0.114092 0.19685 0.0234213 0.00957347 0.00328321 0.0211155 3.37711 5.92578e-12
0.347217 -0.0184614 -0.0267409 0.345693 0.0253455 -0.0138936 0.0170483 0.0125881 1.11814 1.56401e-12
0.692305 0.105236 0.280347 0.624193 0.0394281 0.025168 0.0259443 0.0157411 13.7574 6.10865e-10
0.821956 0.173587 -0.0219278 0.803118 0.943102 0.0871456 0.0392673 0.938245 4.13681 7.13972e-12
0.125028 -0.0879787 0.0592183 0.0662194 0.017447 -0.000595285 0.0102007 0.0141326 1.14594 1.61329e-12
2.9517 -0.451669 -0.16 2.91255 1.08114 -0.0966715 -0.069334 1.07458 15.4566 7.06694e-11
0.202603 0.0859424 0.0935183 0.157849 0.390157 0.113013 0.0261478 0.372513 3.14487 5.52719e-12
1.01415 0.109884 0.055168 1.00667 0.431972 0.0346954 0.0986258 0.419129 1.98537 3.31277e-12
7.00522 0.0153074 0.150428 7.00358 1.40788 0.0185913 0.00303434 1.40776 17.0233 1.80935e-11
0.0647836 0.057772 -0.0222608 0.0190725 0.193315 0.0273096 -0.0773631 0.175042 3.35517 5.8887e-12
0.132933 -0.0576442 0.103583 0.0601576 0.10202 0.00713051 -0.00818773 0.10144 0.840321 1.04763e-12
0.271488 -0.161714 0.0204683 0.217107 0.0400585 -0.0212728 -0.00349406 0.0337592 3.17348 5.5771e-12
0.105142 0.00058031 -0.0407728 0.0969123 0.0229301 0.00440759 0.0193751 -0.0114329 3.1913 8.99899e-11
0.0782754 0.028708 -0.000615091 0.0728184 0.538099 -0.0254712 -0.216128 0.492128 3.20939 5.63944e-12
4.19364 0.290711 -0.00850846 4.18354 0.0906131 -0.0105144 0.0016416 0.0899846 7.35021 5.23667e-10
1.16677 -0.108445 0.0420179 1.16096 0.512526 -0.0718494 -0.0419335 0.505729 2.73323 4.78498e-12
0.630664 -0.06143 0.138501 0.612194 0.0212529 -0.0119487 0.0171558 0.00378561 3.38059 6.97007e-11
0.672123 0.246791 -0.165521 0.602865 0.0175262 0.0076305 0.00022548 0.015768 3.61494 6.32009e-12
0.115323 0.00378923 -0.0611392 0.0977095 0.318953 -0.152057 -0.0315069 0.278598 4.138 9.44435e-11
0.552466 0.0720178 -0.191098 0.513335 0.0517168 -0.0291441 -0.00176362 0.0426834 2.01437 3.37273e-12
0.367452 0.0207566 -0.113398 0.3489 0.00535326 0.00448034 -0.00278857 -0.000740067 1.25521 1.8124e-12
0.75367 0.180571 0.0575827 0.72945 0.353308 0.0237895 0.055114 0.348171 2.34076 4.03251e-12
1.91366 -0.193364 -0.0134801 1.90382 1.06151 -0.08515 0.0373851 1.05743 24.8775 2.14417e-11
0.2313 -0.124878 0.127969 0.146727 0.00542247 -0.00168479 0.000728891 0.00507674 3.42183 6.00108e-12
1.10788 -0.08106 -0.0480268 1.10387 2.74532 -0.109464 -0.03764 2.74288 19.9776 1.94972e-11
0.394716 -0.03436 0.0098249 0.393095 0.542304 0.0736135 0.0396532 0.535819 3.09024 5.43131e-12
0.323967 0.195939 0.0917221 0.241142 0.161143 0.0388835 0.0242183 0.154493 3.25912 5.77947e-12
0.207498 -0.158712 -0.0261932 0.131072 0.131116 -0.0325002 0.0149195 0.126144 4.11357 2.40857e-10
1.06759 0.0524077 0.0964768 1.06193 0.184266 0.0361954 0.018631 0.179712 3.1993 5.62195e-12
0.0903956 0.0271743 0.0420692 0.0752535 0.505802 -0.0436766 0.0843709 0.4968 2.49117 4.32633e-12
0.454032 0.0864683 0.0760851 0.43918 1.32701 0.0883343 0.102693 1.32008 3.03096 5.32645e-12
1.09367 0.0615226 0.0414526 1.09115 1.37342 -0.0285405 -0.0197593 1.37298 3.89356 6.76531e-12
1.97107 0.346109 0.461417 1.88479 0.381295 0.00878908 0.0946168 0.369264 7.36077 1.11651e-11
1.78103 0.0518962 0.159306 1.77313 3.06255 -0.0747404 0.233044 3.05276 6.79958 1.05659e-11
0.52318 -0.0621455 -0.0219487 0.519012 0.562744 -0.0249492 0.0968649 0.553783 2.82096 4.94707e-12
0.530027 -0.0222329 0.103056 0.519436 0.0118338 0.0113945 0.0014354 0.00280789 3.21666 5.652e-12
1.64523 -0.137662 0.0757805 1.63771 0.189971 -0.0287888 -0.122774 0.142078 14.2834 1.66958e-11
0.111446 0.0556355 0.0617373 0.0742527 0.220173 0.00583528 0.0646473 0.210386 1.24149 1.78671e-12
0.618803 0.0863226 0.0386717 0.611531 0.0266473 0.0194788 -0.00567212 0.0172691 2.14238 3.63501e-12
