0.268031 -0.0870631 0.0645071 0.245152 0.0261584 -0.00164611 0.00746578 0.025011 4.63571 7.87033e-12
0.131586 0.0224741 -0.0742961 0.106254 1.71667 -0.763426 -0.446784 1.47123 8.8633 3.4371e-09
0.139441 0.127038 -0.0430893 0.0380592 0.00889627 0.00729982 0.00438498 0.00252349 4.79251 1.7051e-10
3.40393 0.109701 -0.368514 3.38215 0.0105378 0.00352518 -0.0031806 0.00939377 4.60269 7.82344e-12
0.571443 -0.0535509 0.272296 0.499534 0.219064 -0.082257 0.118345 0.164976 26.9015 2.13481e-09
0.065348 0.0359261 -0.00176642 0.0545578 0.370424 -0.257394 0.187469 0.189254 16.5049 2.47442e-09
5.54197 0.0253419 -0.197719 5.53839 1.28091 0.00427101 -0.005989 1.28089 14.7054 1.68258e-11
0.306657 0.00931563 0.0728329 0.297737 9.02422 -1.86874 0.000290606 8.82861 17.2619 7.12884e-09
0.121716 -0.0374428 0.0973105 0.0627967 9.4104 0.105024 -0.869149 9.36958 11.9967 4.83276e-09
7.98816 0.271082 -0.126015 7.98256 2.08227 0.0228006 -0.0507583 2.08153 24.9985 2.1485e-11
0.056053 -0.00872081 0.0423191 0.0357069 0.0729567 -0.0356343 -0.0412953 0.048449 1.06705 1.4727e-12
0.297463 -0.0987151 0.00816854 0.280487 13.2833 1.36515 -1.60978 13.1146 21.4866 8.9394e-09
0.129043 -0.0229502 -0.0770546 0.100935 13.0975 0.212173 1.97311 12.9462 19.1514 7.94089e-09
0.0683178 0.00910447 -0.0637122 0.022917 1.80825 -0.252731 -0.957767 1.5128 5.48563 1.89879e-09
0.13062 -0.0906509 0.0332771 0.0879586 8.10522 1.04098 -0.688567 8.00854 16.6839 2.50177e-09
0.129294 0.0164473 -0.00572985 0.128115 0.446 -0.0173387 -0.225843 0.384201 3.3011 1.69612e-10
0.14774 -0.0303278 -0.0269728 0.142055 0.148905 -0.0106563 0.0607515 0.135529 5.05384 1.05485e-10
0.741602 0.221424 -0.101175 0.700506 0.0795338 0.039188 0.000323844 0.0692066 5.27886 8.74523e-12
0.187323 -0.0401327 -0.0364185 0.179312 1.15552 -0.691936 0.290696 0.878598 14.9789 6.13939e-09
0.816123 0.147926 0.194864 0.77859 0.133854 -0.0124382 0.0626402 0.117636 9.00607 3.80349e-10
0.0516805 -0.0315808 -0.00486819 0.0406181 0.27011 -0.0885672 0.0269757 0.253746 19.53 8.84984e-10
0.346547 -0.0507814 0.0775674 0.333915 2.54511 0.732672 -0.384069 2.40692 12.5421 5.07299e-09
0.0681505 0.00495608 -0.0646203 0.0210745 10.1795 2.25346 0.636604 9.90646 19.9159 8.26832e-09
0.807742 0.153398 -0.00317957 0.793036 4.05353 -1.65145 0.933192 3.58231 21.0763 8.76436e-09
0.262247 -0.0986678 0.101993 0.220534 0.00612762 0.00389614 -0.0041218 0.00226241 4.32314 7.41822e-12
0.143681 0.0277808 -0.00319743 0.140934 0.382326 -0.0204813 -0.0461509 0.378977 5.55671 9.1019e-12
0.817776 -0.154211 -0.0656706 0.800415 0.16002 -0.0380169 -0.0403565 0.150108 9.42217 1.31048e-11
0.0982514 -0.0913854 0.00653907 0.0354865 12.799 0.693972 -0.289748 12.7769 15.5511 6.38822e-09
0.716441 -0.0710618 0.039445 0.711816 0.482376 -0.011203 0.104493 0.470789 3.99223 6.9187e-12
0.138361 -0.0515044 0.06497 0.110769 4.32056 0.657185 0.263602 4.26214 7.51894 2.82946e-09
0.114427 0.00984029 -0.000744165 0.114001 4.19204 0.568478 -0.769562 4.0814 7.63439 2.88187e-09
0.730825 0.178066 -0.0220878 0.708456 0.896821 0.189713 -0.157329 0.86229 26.5326 2.20167e-11
0.0634145 -0.0292497 0.0274444 0.0491189 0.01462 -0.0048819 -0.0114661 0.00762752 9.03674 3.81854e-10
0.0560443 0.0529638 -0.00774282 0.0166085 0.119441 0.0149388 0.0017483 0.118489 2.22013 3.21273e-11
0.390648 -0.0568635 0.0552111 0.382523 0.269872 -0.246507 -0.0454495 0.0999978 10.2875 4.07477e-09
0.298778 0.153669 -0.133572 0.218661 0.116999 0.0325014 0.00533402 0.112266 5.2635 8.72515e-12
0.104294 0.0471248 0.0745073 0.0557243 4.62598 -0.624756 0.0169684 4.58357 7.98731 3.04183e-09
0.483803 -0.0202026 0.167827 0.453311 0.0414492 -0.00989275 0.0130392 0.0380774 7.09474 2.32683e-11
0.571361 -0.0437685 -0.0972346 0.561323 2.45679 0.0855459 1.21161 2.13553 6.96264 2.57601e-09
0.0717136 0.0531068 -0.0264616 0.0402777 0.501154 -0.226254 0.000801423 0.447173 2.8508 6.8985e-10
1.54806 0.106745 0.0779364 1.54241 0.071238 -0.00180811 0.0178286 0.0689454 3.41695 5.99289e-12
0.089835 0.0534712 -0.0187737 0.0697044 0.0730123 -0.0129592 0.0224039 0.0682691 7.14995 1.0944e-11
0.621675 -0.00592435 -0.0107391 0.621554 0.260694 -0.0496258 0.0297114 0.254196 4.82654 8.13735e-12
0.0764202 -0.0424551 0.0632345 -0.00624546 0.0859163 0.0243165 0.0127102 0.0814156 1.83337 2.98702e-13
0.356651 0.0451643 0.0172247 0.35336 0.578363 0.0334493 -0.0257833 0.576819 12.9657 1.57504e-11
0.08906 0.0502019 -0.0694789 -0.0241687 0.485112 0.201119 -0.414607 0.15161 10.3436 7.79258e-10
0.146808 0.0803761 4.72818e-05 0.122851 0.51693 -0.213303 -0.323362 0.34228 9.18425 3.58099e-09
0.825049 -0.0552258 -0.092436 0.817993 0.116705 -0.0396066 -0.00754582 0.109518 1.89258 3.11937e-12
0.137932 -0.0500283 0.0611751 0.113048 3.01481 -0.630093 0.216107 2.94029 18.3615 7.60201e-09
0.119803 -0.0800633 0.0439506 0.0775311 20.1415 0.0240605 0.630481 20.1317 24.2356 6.83995e-10
0.341774 0.0921992 -0.000427719 0.329103 0.353483 -0.147899 0.104436 0.303593 7.99224 1.39461e-10
0.190439 -0.0659974 0.0587616 0.168697 0.884034 0.018558 0.588948 0.659023 29.0198 1.21152e-08
0.0832758 -0.0539206 -0.0159865 0.0614155 2.23373 0.686929 0.424858 2.08259 15.3167 6.28632e-09
1.31062 -0.13257 0.117835 1.29856 0.0900281 -0.0139632 0.0375142 0.0806382 8.17279 1.89759e-10
0.262468 0.132371 -0.000343097 0.226644 5.1298 -1.89285 0.896898 4.68268 13.6608 5.56405e-09
0.0821212 -0.0397203 0.0681628 0.0228041 6.01662 0.271955 -1.12025 5.90515 16.4684 6.78602e-09
0.564017 -0.119243 0.0258623 0.55066 0.264148 -0.0295394 0.0431854 0.258914 5.73125 9.32036e-12
0.141849 0.0141112 0.0686172 0.123343 0.541118 -0.462513 -0.110746 0.258119 4.12312 1.27319e-09
0.0569797 -0.00435698 0.0543394 0.0165808 1.60159 0.342329 -0.659094 1.41898 6.48805 2.35937e-09
2.51882 -0.109767 -0.19953 2.50851 0.993896 0.0360422 -0.0768826 0.990262 8.21238 1.2012e-11
0.0593016 0.0565254 0.0131952 -0.0121427 0.245189 -0.00732852 0.219438 -0.109136 3.14788 8.23831e-10
0.142946 -0.0810556 -0.0161169 0.116635 19.0617 -1.37571 -1.45172 18.9565 37.3588 1.55691e-08
0.035866 0.00638782 0.0265072 0.023301 0.337881 -0.0851404 -0.0370951 0.324867 0.654042 6.57821e-13
2.96864 -0.550271 0.090013 2.91581 0.281557 -0.0393319 0.02139 0.277974 19.5445 1.9304e-11
0.276677 -0.0290622 0.0711071 0.265799 7.1255 1.94335 -0.866357 6.80041 15.4057 6.325e-09
0.0819396 -0.0624736 -0.0296468 0.0439568 4.8966 0.400962 -1.23754 4.72063 9.41209 3.68296e-09
0.0650064 0.0259814 -0.0529781 0.0272785 6.67536 1.41865 0.0978849 6.52213 12.6973 5.14126e-09
1.92662 -0.0795847 -0.360094 1.89099 0.059245 -0.013153 -0.000182585 0.057764 5.81084 3.90897e-12
0.110213 -0.0388556 -0.0771017 0.0685011 2.00631 0.32325 -0.842861 1.79175 5.15585 1.74766e-09
1.8655 0.00978268 -0.206152 1.85405 0.605349 -0.0356532 -0.00879215 0.604234 3.4146 5.98894e-12
1.15472 -0.00313504 0.330554 1.10639 0.0983018 -0.000913612 0.0103169 0.0977533 15.178 1.7098e-11
0.22131 -0.0392787 -0.102896 0.191957 13.0212 1.08718 0.325551 12.9716 20.977 8.722e-09
1.62556 -0.0103594 -0.0247456 1.62534 1.6361 -0.0429206 0.0139082 1.63547 27.9774 2.24905e-11
0.139949 0.0753755 0.0539736 0.104839 0.0359748 0.00964708 -0.0339206 0.00708898 2.12994 3.6097e-12
0.705138 0.0369434 0.0755111 0.700109 0.711988 -0.515778 -0.380677 0.309814 7.39957 2.77521e-09
0.096299 0.0379372 -0.0451249 0.0761447 6.45131 -0.269338 0.505246 6.42586 9.69508 3.80964e-09
0.515805 -0.0434364 0.166911 0.486116 0.0317932 -0.0128315 -0.0137211 0.0256444 5.04561 8.43607e-12
1.22775 -0.0199386 0.0385473 1.22698 0.228107 -0.0166216 -0.0412962 0.223721 5.4864 9.01278e-12
0.0809022 -0.0182818 0.0497289 0.061139 2.06687 -0.218731 1.42083 1.48505 9.41645 3.68491e-09
1.61293 0.0511647 0.062734 1.61089 0.0634602 -0.0103127 -0.0126489 0.0613236 3.11507 5.47498e-12
0.0644178 -0.00220328 -0.0635468 0.0103253 3.55043 -0.355336 0.583751 3.48404 6.3465 2.29495e-09
1.0897 -0.210578 0.00166501 1.06915 0.0731953 -0.00786318 0.0140542 0.0713999 4.28976 7.36883e-12
0.180475 0.00297081 -0.119861 0.134892 2.88961 0.676947 0.245626 2.79843 10.3336 4.09537e-09
0.0741014 0.0272971 0.0522165 0.0449369 0.917444 -0.181716 -0.559722 0.703842 11.8637 4.77405e-09
0.768391 -0.253146 0.106622 0.717616 0.0741148 -0.0210135 0.00755059 0.0706694 2.91886 5.12544e-12
0.057373 0.0512763 -0.0206672 0.0153384 6.42641 0.128213 -0.764586 6.37948 12.3914 5.00671e-09
0.0648455 0.0288173 -0.00408942 0.0579463 0.472294 0.0194014 0.0361818 0.470506 4.89037 8.22524e-12
0.0912174 0.0697011 -0.057322 0.013288 1.81539 -0.419714 0.405278 1.71908 4.67373 1.52702e-09
0.15988 -0.0767173 0.0389405 0.134758 1.76493 0.318102 -0.944287 1.45675 6.61687 2.41805e-09
0.0869093 0.0222331 0.0611854 0.0575783 8.62714 1.02471 -0.0753568 8.56574 14.8123 6.06684e-09
0.0421723 0.0236534 0.0143822 -0.0318147 4.97754 0.636109 -0.0272037 4.93666 8.78983 3.40408e-09
0.0521493 -0.0410808 0.0303546 0.0105125 4.34079 0.602905 0.548215 4.26361 7.10842 2.6426e-09
0.209711 -0.00826294 -0.125834 0.16756 6.25254 0.456654 0.974076 6.1593 11.389 4.56418e-09
1.63858 0.0428386 -0.171153 1.62905 0.0985587 0.000887389 -0.00501206 0.0984259 14.1223 1.64786e-11
0.171213 0.0861456 0.0490498 0.139596 0.700655 -0.313811 0.590978 0.207811 7.84632 2.97798e-09
0.0528262 -0.0258127 0.00871892 -0.0452581 6.34117 -0.822867 -0.0237787 6.28751 9.19975 3.58793e-09
0.0577289 -0.0431302 0.0257324 0.028465 3.45383 -0.749568 0.586891 3.32004 15.4787 6.35673e-09
0.0640554 0.00326104 -0.0639631 -0.0010851 0.197882 -0.133374 -0.133167 0.0602905 9.81781 2.71967e-10
1.16042 0.0692139 0.117664 1.15237 0.567643 0.0527011 -0.0295314 0.564419 7.66817 1.14788e-11
0.167913 -0.0496364 0.0167352 0.159534 1.35478 0.252847 0.74265 1.10452 9.69406 3.80919e-09
0.17994 -0.0732986 0.0269831 0.162104 4.80483 1.44302 0.183408 4.57935 11.8328 4.7604e-09
0.260487 -0.00826665 -0.214764 0.147178 0.0215674 0.0178645 0.0044317 0.01123 4.50404 7.68212e-12
0.309687 0.0773437 -0.101337 0.282232 0.0634006 0.0338172 0.0160831 0.0511577 6.11319 1.34468e-10
0.150856 -0.0254213 0.013848 0.148052 6.97365 1.00628 0.581927 6.87608 10.286 4.07414e-09
0.22453 0.00938931 0.0659211 0.214429 19.2389 1.78477 -2.06678 19.0441 39.8702 5.90545e-09
0.101672 -0.0604256 0.00891936 0.08128 9.74135 -0.485829 -1.33228 9.63758 19.7248 8.18652e-09
0.0138634 -0.00277914 0.0115511 0.00714442 0.969709 -0.11373 0.0421991 0.962091 7.06556 1.08541e-11
0.0638053 0.0297619 -0.056374 -0.00270462 12.2568 0.729669 -0.411982 12.2281 16.9916 7.01219e-09
0.136111 0.0721573 0.0150935 0.114419 3.39642 -0.48118 1.13301 3.1655 15.2494 6.25705e-09
0.0642282 0.0482365 0.0410658 -0.0105879 2.69939 0.482532 0.742984 2.54988 11.3114 4.52983e-09
0.182394 0.0798294 -0.049776 0.15626 3.87402 0.121414 0.843867 3.77905 7.33007 1.21636e-10
4.65773 0.0336197 -0.226892 4.65208 0.430639 0.00790801 -0.00318252 0.430554 39.2643 2.55282e-11
1.98924 -0.285697 -0.0186937 1.96853 0.329489 -0.0269267 -0.000475562 0.328387 6.0745 9.73696e-12
0.186679 -0.0407276 0.0286361 0.179918 0.188307 -0.0266782 -0.0536609 0.178516 7.75442 1.15651e-11
0.126107 -0.00972663 0.0592652 0.110888 3.12803 -1.06172 0.464253 2.90548 23.8014 9.92108e-09
0.0665789 -0.0567599 -0.00382274 0.0345898 1.10987 -0.40369 0.411968 0.948226 7.6778 1.08609e-09
4.99837 -0.0170279 0.100032 4.99734 1.29738 -0.00163679 0.0697841 1.2955 11.6247 1.4831e-11
0.132689 0.0298911 0.0156628 0.128326 25.0422 -1.12717 0.67098 25.0078 29.0692 1.21359e-08
0.140663 -0.0134508 0.0267446 0.137441 0.0480766 0.0437807 -0.0185166 0.00717486 23.2662 5.71405e-10
0.233937 0.128697 0.00879589 0.195157 4.71521 -1.54398 -1.33839 4.24947 12.1684 4.90845e-09
0.352421 -0.00367729 0.0385325 0.350289 14.0564 -0.381819 -0.629849 14.0371 17.7313 7.33109e-09
0.137246 -0.0152171 0.00471908 0.136318 0.166973 0.0914147 -0.0345387 0.135389 1.68491 2.6821e-12
0.137916 0.0315871 -0.0547266 0.122589 0.0500403 -0.0409755 -0.00588964 0.0281087 3.23463 5.68301e-12
0.0789835 0.0261137 -0.067949 0.0306497 17.3983 -2.52172 1.02591 17.184 36.5928 1.52538e-08
0.250182 0.0263655 -0.020176 0.247969 0.0197293 0.0109548 0.0120916 0.0110802 2.36507 4.08042e-12
1.83459 0.0892825 0.232292 1.81763 3.16693 0.195089 0.482428 3.12388 27.8837 4.43367e-11
0.124734 0.0203889 0.0216934 0.121129 11.526 1.21442 0.870272 11.4288 21.8264 9.0841e-09
0.196611 -0.113358 -0.0322652 0.157368 1.14888 -0.00389898 0.449325 1.05736 12.1419 4.89681e-09
0.0701205 -0.024609 -0.0522013 0.0398286 5.2727 1.32678 -0.894973 5.02394 9.78464 3.84976e-09
0.089865 0.0443442 0.0581721 0.0522045 0.105748 0.0631713 0.00484534 0.0846659 3.07538 5.40511e-12
0.0893723 0.0244656 -0.0791162 0.0336075 5.52654 -0.732269 0.556121 5.44951 8.97709 3.48817e-09
0.0636906 -0.0583783 -0.0197424 -0.0160843 2.52157 0.718259 0.243796 2.40479 22.2509 9.26454e-09
0.0248433 -0.0247953 0.00153301 0.000180371 0.133532 0.13007 -0.0240526 -0.0182701 19.1434 1.50863e-09
0.0395156 -0.00728017 -0.0377915 -0.00895994 4.40705 0.580285 -1.15774 4.21248 13.2453 5.38192e-09
0.804777 -0.05836 0.0970362 0.796771 1.62806 0.0362595 0.0914064 1.62508 13.3744 1.60137e-11
0.0494085 -0.04734 -0.00548403 -0.0130403 6.00604 -0.257555 -0.580376 5.97238 10.2944 4.07786e-09
0.123616 -0.0432571 0.0632336 0.0970111 7.72229 -0.572983 0.633455 7.6749 11.5228 4.62336e-09
0.133531 0.0431582 0.0541408 0.114178 0.279312 -0.277407 -0.0325537 0.000765003 9.08075 3.53463e-09
0.198615 0.0143513 0.032147 0.195471 0.180322 0.0481158 -0.172766 -0.0187683 9.61293 3.77285e-09
0.0775792 0.0627251 -0.0382446 0.0249288 9.7457 0.0289037 1.14583 9.67806 14.5867 5.96857e-09
0.0751775 -0.0515029 -0.0540463 0.00883744 24.3994 -0.0557558 0.833173 24.3851 27.6363 1.15348e-08
0.269816 -0.0518244 0.0660951 0.256411 12.3203 0.0812545 -2.1897 12.1238 18.2843 7.56885e-09
0.168425 0.0505774 -0.0769407 0.141029 2.54765 -0.821271 0.489711 2.3614 15.7185 6.46091e-09
0.616678 0.00411936 -0.0813884 0.611269 7.89403 -0.30385 0.0702067 7.88787 37.9793 4.68312e-10
0.0984329 -0.00895594 -0.081369 0.0546619 5.61393 0.307628 1.12638 5.49116 16.0106 6.58766e-09
0.919829 -0.128388 -0.0687918 0.908223 0.52177 -0.0593543 -0.500932 -0.133373 34.6572 1.4455e-08
0.130595 0.0338585 0.0167054 0.125018 15.2642 -0.367455 1.06572 15.2225 19.3619 8.03111e-09
0.234955 -0.0727498 -0.112387 0.193082 0.0383387 -0.0365926 0.00816684 -0.00799247 2.68913 4.70264e-12
0.195624 -0.0515401 0.0321462 0.185954 1.5215 -0.660411 -1.08395 0.838977 9.66983 3.79834e-09
0.172747 0.0684884 -0.0451268 0.152034 10.0919 -1.04971 1.05684 9.98139 22.1265 9.21171e-09
0.0466181 0.0164412 0.0309254 -0.0307662 0.401567 0.368858 0.123207 0.100098 3.54846 1.00748e-09
0.110441 -0.0293452 0.0555428 0.0908355 8.39017 1.26515 0.899769 8.24529 12.7318 5.15639e-09
0.125995 -0.0200938 0.0295131 0.12083 1.61394 0.516298 0.159563 1.52078 5.12742 1.73467e-09
0.134983 0.00788976 -0.0258435 0.132251 16.5025 1.27783 0.552192 16.4437 20.8751 8.67849e-09
0.0590149 0.0421003 -0.0401701 0.00983277 2.9289 -1.06944 -0.243106 2.71581 11.0528 4.41522e-09
0.235579 -0.100538 0.0070716 0.212931 1.50981 0.849311 -0.398822 1.18285 20.0337 8.31873e-09
0.454258 -0.0057344 0.0474482 0.451737 0.0717709 -0.0179093 -0.0148616 0.067891 2.13734 3.62476e-12
0.02704 -0.0130194 0.0199067 0.0128602 0.525022 -0.00623139 0.0803047 0.518806 3.59729 6.2913e-12
1.03854 0.20616 0.143332 1.00773 0.885273 0.2414 0.0470374 0.850425 6.88266 1.06567e-11
0.120863 -0.0729076 0.00383345 0.0963207 0.877379 -0.62941 0.331087 0.513828 13.1255 5.32935e-09
0.789304 -0.0430502 0.0317394 0.78749 0.37134 0.00166866 -0.0119522 0.371144 3.33067 5.84717e-12
0.0830449 -0.0314122 0.0176568 0.0748195 0.140321 0.0245078 -0.0591657 0.124853 14.7622 4.18881e-10
0.744348 -0.0941404 -0.0635818 0.735628 0.404888 -0.0596262 -0.12539 0.380337 5.12119 1.13779e-11
0.26019 -0.037368 0.0165687 0.256959 3.38991 -1.34019 0.350553 3.09394 21.9228 9.1251e-09
0.331055 -0.0804059 -0.115208 0.299766 8.1509 -0.348756 1.23989 8.04849 29.8267 1.24525e-08
0.156098 -0.0369732 -0.00328656 0.15162 0.257787 0.0444532 -0.0783659 0.24153 6.38448 1.00992e-11
0.349643 -0.000668953 -0.05652 0.345043 2.60141 1.21188 -0.254723 2.28775 13.5816 5.52935e-09
0.308999 -0.0287122 0.178537 0.25056 0.318179 -0.0972021 0.0905573 0.289117 13.2671 1.59453e-11
0.203659 0.0528858 -0.0622056 0.186576 1.8267 0.069396 0.766979 1.65643 8.04361 3.06731e-09
0.10143 0.0327206 0.0394778 0.0875153 0.762269 0.199091 0.0502071 0.734095 4.91355 8.25697e-12
0.438337 0.154157 -0.0564202 0.406438 0.225707 0.0162374 -0.0853845 0.208301 22.6609 2.06119e-11
0.0571782 -0.0541502 0.00503538 0.0176564 0.990844 0.401042 0.0431766 0.905027 6.22337 2.23884e-09
1.23117 -0.0862394 0.124121 1.22186 0.173338 -0.0296781 0.0387323 0.166328 7.28051 1.10815e-11
0.280735 0.0915401 0.0219757 0.26448 2.3173 -0.563941 -0.598331 2.16653 10.4208 4.13425e-09
0.309944 -0.0530622 -0.115881 0.282526 3.43192 -0.324008 0.783707 3.32549 7.19256 2.68097e-09
0.0253868 0.00819218 0.00672517 0.0230684 0.416318 -0.153659 -0.211695 0.323874 15.702 1.22646e-09
0.045768 -0.017469 0.0374709 -0.0196335 3.31844 0.948434 -0.0922906 3.17867 7.24082 2.70296e-09
2.80641 -0.115984 -0.334683 2.78397 0.013501 -0.000977894 0.00584854 0.0121184 10.5725 1.4044e-11
0.239456 0.0540035 0.0546062 0.226806 0.353183 -0.0843448 0.227145 -0.256961 6.10284 2.18367e-09
0.325088 -0.0678594 -0.0146202 0.31759 6.35915 1.25228 -1.64654 6.01328 11.8804 4.78142e-09
0.336715 0.00381237 -0.0464384 0.333476 12.4396 -0.638558 1.04611 12.3791 29.3146 2.18066e-10
0.151701 -0.00970845 0.0125362 0.15087 4.14492 -0.455993 -0.397309 4.10056 8.40401 3.23021e-09
0.343574 0.0806141 0.0552397 0.329383 17.8185 -0.870548 -1.26568 17.7522 21.6144 8.99385e-09
1.95113 0.136702 0.217563 1.93414 0.0358037 -0.0116368 -0.000164216 0.0338556 7.37098 1.11757e-11
1.02665 -0.101352 0.190879 1.00364 0.0491455 -0.0110764 0.0117392 0.0464169 7.54772 1.13571e-11
0.104226 0.0643435 -0.0232763 0.0786209 5.42527 -1.37131 0.251154 5.24309 16.8391 6.9463e-09
0.159586 -0.0811871 0.0176347 0.136254 0.968799 0.0496284 0.682741 0.685545 5.53719 1.92251e-09
0.0936568 -0.034073 -0.0781875 0.0386956 0.0501888 -0.0104419 -0.00953422 -0.0481531 2.78513 1.25277e-10
0.106673 0.0329308 0.0828682 0.0585452 2.2975 -0.309245 -0.945265 2.07107 6.39391 2.31653e-09
1.23074 -0.49534 0.18929 1.11064 0.0697218 -0.0253381 0.0513908 0.0397221 10.1435 7.62306e-10
0.299834 -0.0159568 -0.017284 0.29891 0.357209 0.175944 0.147229 0.273797 3.78496 3.8672e-11
0.085553 -0.0344886 0.0714203 0.0320778 1.0849 -0.328359 -0.166623 1.0205 6.79206 1.13784e-10
0.665545 -0.078464 -0.0216483 0.660549 3.71368 1.55774 -0.308466 3.35704 9.93633 3.91769e-09
0.237589 0.0179039 -0.00405653 0.236879 0.280738 -0.0872632 -0.0120943 0.266556 10.7896 2.20388e-10
0.194292 -0.00211617 0.0877685 0.173325 2.6844 0.769763 -0.294376 2.55476 6.838 2.51903e-09
0.14632 0.0388841 0.0344067 0.136798 5.80326 -1.09849 1.26659 5.5558 21.4731 8.93366e-09
0.155078 -0.0229828 -0.0105004 0.153006 2.46261 -0.810683 -0.370067 2.29571 12.2523 4.94543e-09
0.0901336 0.0642543 0.0187454 0.0603661 9.82636 -0.618682 -0.21636 9.80448 13.0375 5.29071e-09
0.0703403 0.0573656 -0.017172 0.0369063 3.14776 0.0819633 -0.429649 3.11722 6.37165 2.3064e-09
13.7852 0.104909 0.0140208 13.7848 1.57718 0.00949546 -0.00476371 1.57715 17.0075 1.80854e-11
0.125053 -0.0232546 0.0849742 -0.0887516 0.0410644 -0.0383914 0.00182868 -0.0144493 8.76661 6.4524e-10
0.268555 0.00148135 -0.014298 0.26817 0.36395 0.135796 -0.0296065 0.336366 15.2091 1.71156e-11
0.0689636 -0.0534207 -0.0266249 0.0345445 5.27179 -0.965144 0.296033 5.17423 14.619 5.98261e-09
0.15625 -0.0592003 -0.0371678 0.139743 5.88361 0.54965 0.901796 5.78804 20.013 8.30989e-09
0.0575007 0.0263929 0.0359404 0.0363048 13.3888 0.408705 0.0696271 13.3824 20.2369 8.40568e-09
0.0294103 -0.0222593 -0.00553442 -0.0184082 16.7521 1.18235 -0.488645 16.7031 21.2823 8.85229e-09
0.0886636 -0.0636819 -0.019278 0.058602 10.1198 -1.02338 -0.714784 10.0425 13.6378 5.55399e-09
1.72695 0.286997 0.243737 1.6854 0.170517 0.0180667 0.0304068 0.166808 7.78151 1.1592e-11
4.7733 0.0498416 -0.089954 4.77219 2.47649 -0.0539917 -0.084953 2.47445 10.1722 1.37272e-11
0.147361 0.0693112 0.0945097 0.0893261 10.2875 -0.365306 -1.94027 10.0963 18.1268 7.50116e-09
0.274882 -0.0906603 -0.116181 0.232041 0.0163378 0.00674115 0.00198585 0.0147403 2.13559 3.62121e-12
0.204768 -0.108501 -0.0400064 0.168988 0.0198751 -0.00469688 0.00250379 0.0191424 10.8614 1.42662e-11
0.0679182 0.0151977 0.0661374 -0.00278554 0.755452 -0.454943 -0.194942 0.570729 4.23389 1.32428e-09
0.0841569 -0.030137 0.0516383 0.0592252 1.66357 -1.08545 -0.146123 1.25216 10.1439 4.01061e-09
0.0718383 0.0627901 0.00126746 0.034879 13.5384 -0.674294 -0.597656 13.5083 29.4542 1.2297e-08
3.62146 0.133506 0.258608 3.60975 0.792069 -0.00311948 0.0480443 0.790604 31.5231 2.35583e-11
0.125479 -0.0905614 0.0163644 0.0852977 2.05764 -0.0608244 -0.488788 1.99782 12.6843 5.13551e-09
0.125552 -0.0144878 0.110048 0.0586741 2.96507 1.00422 -0.816901 2.66755 8.38774 3.22287e-09
0.469314 -0.050093 0.126394 0.449189 0.433276 -0.0718694 0.172304 0.390991 6.36627 1.00783e-11
0.0714334 0.0480184 0.0281644 0.044763 2.68246 -1.12322 0.335774 2.41272 7.55684 2.84667e-09
0.245511 0.0161954 0.108702 0.219538 0.0528278 -0.0162223 0.00790061 0.049648 4.6941 1.12459e-10
0.182434 -0.0231923 -0.0759304 0.164252 6.46602 0.491832 1.14671 6.34449 11.8482 4.76723e-09
0.139846 -0.109737 0.012271 0.0858151 1.16307 0.690633 -0.0354083 0.935144 5.58644 1.94521e-09
0.140535 -0.0156847 -0.078131 0.115756 1.56364 0.436887 -0.184153 1.49003 9.33267 3.64742e-09
0.209635 0.125552 -0.056575 0.15806 3.42852 -1.07991 0.9938 3.09853 9.63164 3.78123e-09
0.855354 -0.0535164 -0.0240737 0.853338 0.00784508 3.5823e-05 -0.00560745 0.00546263 1.04667 1.43595e-12
3.01782 0.0215667 0.0445626 3.01742 1.94575 -0.0221888 0.0447534 1.94511 21.8625 2.02938e-11
0.13086 -0.0173404 -0.0297585 0.126246 4.67486 0.542184 0.653708 4.59707 8.43836 3.24572e-09
0.148985 -0.04489 -0.0627641 0.127445 26.9002 -1.11111 -1.97823 26.8043 37.5987 1.56678e-08
2.16749 0.251254 0.0484185 2.15233 0.536622 0.0334976 0.034479 0.534464 11.7912 1.49501e-11
0.0852294 0.0437325 0.0466783 0.0563264 0.403604 0.149031 -0.127804 0.352635 27.3063 1.13964e-08
0.245884 0.00595959 0.0215716 0.244863 0.136648 0.0426009 0.114427 0.0613519 6.19072 2.22392e-09
0.0789033 -0.0745402 0.0138686 0.0218439 2.60739 0.895206 -0.771137 2.32432 7.12961 2.65227e-09
0.110935 -0.0596098 -0.0538231 0.076527 0.306438 0.212526 0.21947 -0.023864 6.42353 2.33001e-09
0.165169 -0.0517895 0.0470728 0.149609 0.487997 0.1612 -0.288331 0.359195 13.3267 5.4176e-09
0.30231 -0.0373909 -0.0190567 0.299383 0.533469 -0.239867 0.463452 0.110751 10.7813 4.2947e-09
0.179378 0.0294618 -0.0225355 0.175501 7.85551 1.64548 0.506204 7.66454 19.7756 8.2083e-09
0.139639 0.0186504 0.100041 0.0956201 0.583972 0.313416 -0.362537 0.333706 6.93455 2.56318e-09
0.0481831 0.0283577 0.0389333 0.00128371 8.50987 -0.187172 -1.26544 8.41318 13.0752 5.30724e-09
0.0456619 -0.0127566 0.0409537 -0.0156547 0.0367653 0.0117232 -0.027396 0.0215279 5.17135 1.27801e-10
1.38412 -0.194532 -0.161435 1.36084 0.579268 -0.0648883 -0.150459 0.55561 5.49756 9.02697e-12
0.156554 -0.0746166 -0.0238962 0.135538 11.8596 -0.757729 1.98877 11.6671 18.1278 7.50162e-09
0.239706 0.0664747 0.0737567 0.218174 0.0628349 -0.0306651 -0.02252 0.0500047 19.7145 1.93803e-11
0.444746 0.0268624 0.00254834 0.443926 2.43052 0.042653 -0.201692 2.42176 16.5005 1.78222e-11
0.383025 -0.123896 0.0544144 0.358326 15.2389 2.32448 -0.999543 15.0274 25.1763 1.05014e-08
3.13213 0.162857 -0.119256 3.12561 0.383076 0.0351139 -0.0165194 0.381105 13.2838 1.5956e-11
0.088174 -0.0649361 -0.0391741 0.0449817 13.0383 1.59577 -0.0232325 12.9402 16.9757 7.00533e-09
0.107565 -0.00123294 0.0652229 0.0855265 5.93146 0.773873 -0.650889 5.84463 9.01994 3.50738e-09
0.0835268 0.0497432 0.0151729 0.0653614 5.03693 0.96963 0.136554 4.94084 8.97738 3.4883e-09
0.252086 0.00418545 -0.0343978 0.249693 5.65737 0.712552 0.698152 5.56872 15.1064 6.19484e-09
0.0504273 0.0483258 -0.0143249 0.0015251 1.64619 0.643606 0.460855 1.44337 5.19609 1.76606e-09
0.129593 0.0288699 -0.0210728 0.124567 0.117869 0.0402121 -0.0875837 0.0678589 2.80042 4.90931e-12
0.127192 0.0124016 -0.0131466 0.125901 20.3299 0.96327 1.02423 20.2812 23.6021 9.83682e-09
0.723446 -0.0854721 0.0395959 0.717287 0.528028 -0.0561604 0.0685092 0.520544 7.04261 2.83309e-10
0.0954139 0.0673705 0.0283013 0.061352 13.0311 -0.0613369 0.931912 12.9976 16.8919 6.96912e-09
0.884004 -0.0390653 -0.137774 0.872327 0.0213707 -0.00235452 -0.0138703 0.0160785 1.8307 2.98942e-12
0.08975 -0.0551915 -0.0499914 0.0500981 4.21432 0.574754 -1.01297 4.05019 8.03041 3.06134e-09
0.0791801 0.0673144 -0.0205774 0.0362604 2.33149 -0.655033 1.19661 1.89074 8.15022 3.11554e-09
0.323516 0.0144298 0.0430868 0.320309 2.51255 -0.979114 -0.24444 2.30097 13.4657 5.47855e-09
0.0920797 -0.0918186 0.00544206 -0.00428875 3.10177 0.390019 0.267036 3.06554 5.86315 2.07314e-09
0.164611 -0.069749 0.0195326 0.147819 3.18622 1.03567 0.0583207 3.01263 11.5293 4.62627e-09
0.150346 -0.0597617 0.04225 0.131329 5.10481 1.24416 0.180471 4.94758 19.4406 8.06482e-09
3.82575 0.0340217 0.205472 3.82008 1.50095 0.0255964 0.137342 1.49443 21.8292 2.02803e-11
2.07636 -0.109125 0.348069 2.04407 0.0845179 -0.0122173 0.0356869 0.075632 19.8307 1.94321e-11
0.0541826 -0.0466253 0.00192112 -0.0275345 14.7448 1.05955 -1.30976 14.6483 18.6702 7.73453e-09
0.289693 0.0799487 0.0501616 0.273887 3.88092 0.666698 0.527488 3.78666 20.0872 8.34162e-09
0.176184 -0.0310728 0.0625456 0.161751 23.1025 -1.54396 -1.59344 22.9957 35.2027 1.46804e-08
2.06699 -0.258519 0.0288653 2.05056 0.90404 -0.146947 0.0665545 0.889531 7.84804 1.1658e-11
2.93687 0.284228 -0.0360737 2.92286 0.379512 0.0324848 0.0335314 0.376629 7.73704 1.15478e-11
0.330035 -0.021807 0.190389 0.2687 0.0238779 0.0114581 -0.0101277 0.0183312 1.52466 2.34684e-12
7.77769 0.00426171 0.0345138 7.77761 0.138349 -0.00702791 -0.00493909 0.138081 11.0735 1.44264e-11
0.123159 -0.0477915 -0.0401848 0.106157 2.6657 -0.835123 -0.621652 2.45399 12.0136 4.84022e-09
0.0951883 0.0507757 -0.0226788 0.0772549 12.5897 0.344236 -1.44376 12.502 15.6305 6.42267e-09
0.100591 -0.0643816 0.01818 0.0751206 0.0145893 -0.000861637 0.004553 0.0138245 7.641 1.14515e-11
0.132519 -0.0417897 -0.0214971 0.123907 20.7884 -1.20797 1.51789 20.6977 26.3946 1.10137e-08
2.14038 -0.211363 -0.0326012 2.12967 1.17983 -0.176682 0.0262297 1.16623 13.8472 1.63101e-11
0.088902 -0.0734993 0.030124 0.0399245 17.1426 2.00494 0.352584 17.0213 23.6442 9.85466e-09
0.0498217 0.0443268 0.0227338 -0.000713291 17.9261 0.603618 -1.84936 17.8202 28.335 1.18281e-08
0.646942 -0.0551018 -0.08176 0.639385 0.737211 -0.180642 -0.141141 0.700662 7.16694 1.0962e-11
0.0779302 -0.000672219 0.0618855 0.0473587 2.01124 -1.07679 0.475978 1.63066 9.06645 3.52822e-09
0.12013 0.0129608 0.00646474 0.119254 6.77989 -0.119996 0.0126299 6.77882 10.1022 1.36707e-11
0.458421 0.0704198 -0.0110998 0.452844 0.0180756 0.00301379 -0.00780268 0.0160157 15.9414 1.75229e-11
0.0846492 -0.016265 -0.0358067 0.0749588 9.59942 0.063528 -1.84113 9.42099 26.5566 1.10818e-08
0.138398 0.0223578 0.0506035 0.12686 5.1641 -0.81702 1.3017 4.93011 17.5589 7.25685e-09
0.361075 0.0115714 -0.0487962 0.357575 0.501591 0.258918 0.191014 0.384797 4.57416 1.48123e-09
0.0810046 -0.0389156 -0.0668566 0.0240315 4.35639 0.692924 0.304098 4.29017 8.06599 3.07744e-09
0.0598214 -0.00182671 0.00842133 0.0591975 0.145571 0.0058668 0.000170471 0.145451 11.7043 1.48881e-11
1.63556 0.0353793 -0.000755625 1.63518 1.07958 0.0868136 0.0382352 1.0754 22.0618 2.03741e-11
0.0809653 0.0093272 0.0629887 0.050008 1.19129 -0.452913 0.567196 0.944627 22.1256 9.21133e-09
0.965132 0.0104153 0.0222622 0.964819 1.18605 0.0096241 -0.0551013 1.18473 9.06164 1.27916e-11
0.176426 0.0695639 0.0816645 0.140064 0.0495534 0.0075757 0.0153942 0.0464855 5.48732 9.01395e-12
0.734373 -0.107643 0.0591816 0.724027 6.36159 0.543075 -0.58847 6.31099 14.6428 5.99299e-09
0.161702 0.0809445 -0.044711 0.132651 0.0160653 -0.00174927 -0.00944873 0.0128645 6.658 1.04091e-11
0.170879 0.0443973 -0.0443364 0.158943 1.39842 0.635157 0.680837 1.04336 7.67065 2.89833e-09
0.0437901 -0.0169105 0.0386727 -0.0116633 1.74541 0.342777 0.818492 1.503 17.8817 7.3958e-09
0.0579782 -0.042077 -0.0201553 -0.0344205 6.76196 0.0914777 -0.771301 6.71721 9.56184 3.74998e-09
0.126583 0.103368 -0.0424723 0.0594503 16.1055 -1.38517 0.550982 16.0363 19.9609 8.28759e-09
0.2741 0.0590554 -0.0102494 0.267467 9.61955 -0.633229 -1.03695 9.54251 12.6924 5.13908e-09
0.104842 -0.0137505 0.0799765 0.0663819 11.7952 -0.37525 1.2979 11.7176 20.9575 8.71366e-09
0.103882 -0.000908582 -0.0879286 0.0553109 0.25841 0.176599 0.0769268 0.172252 2.90573 7.14432e-10
0.306095 -0.0312229 0.0934546 0.289802 7.8357 0.628938 -1.12571 7.72887 14.8739 6.09368e-09
0.416405 -0.119498 -0.0661034 0.393375 0.527234 -0.0320504 -0.0315037 0.525315 11.7239 1.49022e-11
0.0859536 -0.0670691 -0.0167546 0.0510787 4.6449 -0.478969 0.496731 4.59336 7.58863 2.8611e-09
0.13768 -0.0702978 -0.021029 0.116498 2.22842 -0.872041 -0.677861 1.93543 9.5419 3.74106e-09
0.185494 -0.0534137 0.023683 0.176051 0.169736 0.15761 -0.054844 -0.031005 9.79984 3.85656e-09
0.666039 0.000393874 0.120033 0.655134 4.29279 0.552672 -1.38663 4.02491 9.89401 3.89874e-09
0.0812989 -0.0429279 0.064359 0.0249925 1.17137 -0.323894 0.19377 1.1089 19.8331 2.97927e-09
7.79599 0.00266589 -0.0660385 7.79571 8.92189 -0.0206105 0.0269094 8.92182 36.1163 2.4778e-11
0.155846 0.0117162 -0.0354801 0.151301 2.71342 1.04089 -0.209754 2.49704 13.9933 5.70955e-09
0.467794 -0.0424172 0.016996 0.465557 3.69894 0.962255 -1.42724 3.27401 19.426 8.05857e-09
0.0496661 0.0105463 -0.00778961 0.0479042 1.50675 -0.11393 -0.183751 1.49115 8.70215 1.24684e-11
0.843115 -0.0680994 -0.0707308 0.837378 0.0851786 -0.0282146 -0.00165563 0.0803513 8.05039 1.1856e-11
0.0724069 -0.0392111 -0.0454542 0.0404867 0.33572 0.194644 -0.072978 0.26362 7.63748 1.29839e-10
0.317432 -0.0318528 0.0917662 0.302205 0.1904 0.00134321 -0.188767 0.0248417 3.07712 7.91667e-10
1.78756 -0.0453196 0.242139 1.7705 0.401981 0.0463491 0.0383934 0.39745 6.60243 1.03469e-11
0.9531 -0.00489729 0.208043 0.930104 0.162655 0.0240554 0.0146793 0.160194 6.95523 1.07355e-11
0.209304 0.108297 0.0331079 0.176022 10.2926 0.602526 0.586999 10.2582 16.7337 4.13834e-10
0.109615 0.0966448 0.0441504 0.0269437 0.160685 0.10248 -0.000959627 0.123759 13.5337 6.00122e-10
1.0546 0.363628 0.0503771 0.988639 0.246546 0.119889 0.048986 0.20979 26.7638 2.20942e-11
0.194346 -0.0286073 -0.0830527 0.173362 1.23438 0.964029 -0.416203 0.648935 36.1528 1.50725e-08
0.187731 0.0805131 -0.0170458 0.168731 5.18399 -1.597 0.149701 4.9296 10.3866 4.11901e-09
0.142519 -0.00175221 -0.0178738 0.141383 1.14337 -0.0993829 -0.353454 1.08282 4.2422 1.32812e-09
0.173928 0.0407778 -0.0345136 0.16552 0.0665668 0.0633912 -0.0125897 0.0159353 10.1439 2.81829e-10
0.122925 0.070395 -0.0255275 0.0974859 3.22692 -1.10822 0.664631 2.95687 8.96184 3.48133e-09
0.340164 0.0135094 0.114657 0.319973 1.10099 0.587885 -0.376305 0.851446 12.0138 4.84031e-09
0.387686 -0.0396423 0.0552074 0.381682 0.359729 0.0537382 -0.00891767 0.35558 9.59493 4.09201e-10
0.124149 0.0666517 -0.0181026 0.103164 5.67962 -0.381711 -0.628127 5.63186 8.4584 3.25476e-09
0.150277 0.0768017 -0.00628142 0.129016 7.59632 0.507177 1.74951 7.37469 12.2791 4.95726e-09
0.165025 0.0552885 -0.0675713 0.140038 0.251171 0.199635 -0.117836 -0.0966797 6.49064 2.36055e-09
0.93921 0.0467577 0.0594971 0.936157 0.00893511 0.00179052 0.00153618 0.00860292 5.4082 8.91279e-12
0.377927 0.0402798 0.00295166 0.375763 0.0993652 -0.000821299 0.0146503 0.0982745 4.04697 7.00293e-12
0.08084 -0.0548043 0.0239013 0.0544088 10.0693 -1.16805 1.05371 9.94566 21.0856 8.76833e-09
0.406927 0.128131 0.0692123 0.379976 0.0643291 0.039157 -0.0278537 0.0427654 3.97463 2.28624e-10
0.0626023 0.0498683 -0.0371519 0.00720656 0.0643165 0.015459 0.0448738 0.0434017 4.92679 3.12467e-10
0.0903179 -0.0232506 -0.0558668 0.0670494 0.819513 -0.131625 0.67836 0.440572 10.9243 4.35822e-09
0.124271 0.0241194 -0.0782484 0.0934815 5.83024 -1.26293 -0.00451625 5.69181 11.5706 4.64452e-09
0.0988267 0.0291544 -0.0482953 0.0811437 0.489378 0.446948 0.0780473 0.183403 4.47893 1.43737e-09
0.254511 -0.125213 0.0867441 0.203895 2.21478 1.04278 -0.137947 1.94906 6.84905 2.52409e-09
0.330395 0.156875 -0.116639 0.266358 0.0675935 -0.0111821 -0.0198463 0.0636373 12.6318 1.55291e-11
1.40105 0.164583 0.188969 1.37846 0.0549473 0.00541472 -0.0161061 0.0522515 5.32916 8.81072e-12
0.907336 0.0556662 0.152296 0.89273 0.0498747 0.00317925 0.0193539 0.0458536 8.64849 1.24193e-11
1.33787 -0.0382536 -0.0429485 1.33663 1.13051 -0.100997 -0.072776 1.12364 31.7372 2.36188e-11
0.157709 -0.0172009 -0.0826966 0.133183 10.602 0.152358 1.12286 10.5412 19.7105 8.18042e-09
0.240935 0.0935979 0.0123759 0.221667 1.77485 -0.813883 0.449 1.51198 7.58506 2.85948e-09
1.4927 -0.108847 -0.0949913 1.48569 0.0579085 0.0123048 -0.0119279 0.0553123 2.19624 3.74407e-12
0.120342 0.0395558 -0.0912164 0.0678025 10.4213 -1.07067 0.523763 10.3529 19.0688 7.90547e-09
0.0714476 0.0250323 0.0204056 0.0637319 0.166593 0.0426181 -0.0256736 0.158989 15.7623 1.23143e-09
2.46288 -0.149824 0.0246178 2.45819 0.385424 -0.0562584 0.00152125 0.381292 4.30367 7.38943e-12
0.0788581 0.0618325 -0.0286782 0.0396597 16.5494 -1.74711 0.0189661 16.4569 37.4873 5.56488e-09
0.7154 -0.192743 -0.0051777 0.688927 0.405148 -0.0494166 -0.0424236 0.399879 6.19717 9.8818e-12
0.142826 -0.0832765 0.015386 0.115011 6.40048 0.315986 -0.877029 6.33223 12.7476 5.16335e-09
0.0601721 -0.0101885 -0.000135061 0.0593031 0.421793 0.0854527 0.000516301 0.413045 9.15306 1.28719e-11
0.100381 0.013977 0.00944149 0.0989539 0.418528 -0.0193573 0.0857983 0.409182 6.52313 1.45568e-10
0.218699 -0.0522421 -0.00476284 0.212315 11.7827 0.100575 -0.667778 11.7633 15.8858 6.53354e-09
0.358416 0.00643919 0.0448054 0.355546 1.11329 -0.127985 -0.0271268 1.10558 7.594 1.1404e-11
0.0319756 -0.00553337 0.029734 -0.0103786 1.91441 -0.713487 0.770598 1.60065 9.45728 3.70318e-09
0.0863038 -0.0543017 0.0536414 0.0402774 2.84208 -0.875595 -0.0154246 2.70379 7.91985 3.01128e-09
0.123372 0.0301241 0.0498795 0.108744 3.11084 -0.891399 -0.249509 2.96993 7.29765 1.20778e-10
0.110457 -0.0107076 -0.0947686 0.0557225 0.349302 0.231463 0.13496 0.224103 3.60379 1.03302e-09
0.278932 -0.0285313 0.00107963 0.277467 0.155339 -0.0502509 -0.0253381 0.144785 9.78626 1.34121e-11
0.248158 -0.0309566 -0.107013 0.221748 0.0157358 0.007356 0.00165099 0.0138029 14.7532 4.58752e-12
0.0485254 0.0458073 -0.00392097 -0.0155253 0.260032 0.0517106 -0.250246 0.048159 7.64176 2.88522e-09
0.0871152 0.0537899 -0.0374153 0.057409 1.11103 0.50066 0.762683 0.634064 5.93204 2.105e-09
0.0513303 -0.0291008 -0.0177465 -0.0383797 3.25919 0.992342 0.194422 3.09835 6.47178 2.35196e-09
0.0768852 -0.0644135 0.035649 0.0221673 12.7281 0.0670373 -0.816707 12.7017 16.0774 6.61663e-09
0.0660582 -0.0223168 0.0611015 0.0114999 2.81974 -0.49871 0.523102 2.72554 37.3921 1.19799e-09
5.04628 -0.0888293 -0.120246 5.04406 0.640723 -0.0110859 -0.0489725 0.638753 19.6258 1.93406e-11
0.170397 0.0719104 0.00486116 0.154403 0.252421 0.171485 0.122694 0.138763 4.50034 1.55766e-10
1.06976 0.0473092 -0.0618295 1.06692 1.28736 0.133475 -0.00569431 1.28041 9.28193 6.89111e-10
0.303538 0.126536 -0.0358449 0.273567 2.33862 -0.143051 0.697093 2.22772 6.47902 2.35526e-09
0.0755964 -0.0453485 -0.0257197 0.0547432 4.02652 -0.991365 1.11793 3.73903 13.5718 5.52506e-09
0.079321 0.0646399 -0.042734 0.0169505 1.62927 -0.83364 0.398202 1.34202 11.8615 4.77307e-09
0.404883 0.0878143 -0.0366589 0.393542 2.22319 -1.17779 0.899423 1.65723 28.9906 1.2103e-08
0.68775 0.155013 0.0543468 0.667845 0.116371 -0.00682324 0.0255543 0.113324 3.82166 6.65224e-12
0.0636951 0.0541072 0.00890389 0.0324068 2.91409 0.647772 -0.4805 2.80025 14.3335 5.85814e-09
0.129346 -0.0892829 0.0350019 0.0867972 13.5047 1.10897 -0.448864 13.4516 19.9476 8.28192e-09
0.204 -0.0183267 0.00594174 0.203088 3.02827 0.0229836 0.14478 3.02472 16.8729 1.80161e-11
0.207737 0.0344823 0.0471071 0.199365 1.67786 0.30199 -0.730091 1.4802 6.35243 2.29765e-09
1.36628 -0.0773653 -0.164726 1.35411 0.423552 0.00182069 -0.00627543 0.423502 6.43544 2.53055e-10
0.235312 -0.0869465 -0.0516406 0.212475 1.5941 -0.329051 -0.961113 1.22847 6.47432 2.35312e-09
0.0767922 -0.0395672 0.0439553 0.0489839 0.0210735 -7.74551e-05 0.00526012 0.0203999 4.26365 9.85306e-11
0.43863 0.00837989 -0.111842 0.424049 0.238559 0.026653 -0.129422 0.198619 10.8318 1.42437e-11
0.0805363 0.0114015 -0.0722761 0.0336491 5.87051 1.33404 -0.736399 5.6693 23.8224 6.98477e-10
0.129881 -0.023832 0.0326439 0.123432 4.05197 1.36643 -0.649808 3.75886 21.7037 9.03187e-09
0.109449 -0.082583 -0.034243 0.0631398 9.70499 1.44765 -0.483347 9.58424 15.8535 6.51951e-09
0.87704 -0.00352205 -0.0209832 0.876781 1.67682 -0.140699 0.0470377 1.67024 4.84019 8.15621e-12
0.164102 0.0946969 0.00825286 0.133768 13.0318 -3.05821 0.518343 12.6573 29.3442 1.2251e-08
0.108653 -0.0491254 0.0415739 0.0875425 8.18075 0.312186 0.914865 8.12343 10.7331 4.27329e-09
0.100353 0.0783312 0.0518702 0.035276 1.32559 -0.38783 0.788069 0.992842 5.14143 1.74107e-09
0.400108 0.045887 -0.0394305 0.395507 4.86878 0.375491 0.679323 4.80651 14.702 6.01878e-09
0.0754248 -0.0196174 -0.0526314 0.0503388 31.305 0.831219 -1.32721 31.2658 38.2915 1.59524e-08
0.208997 -0.0344736 0.0275281 0.204288 0.724455 0.48021 -0.209452 0.500363 6.47829 2.35493e-09
0.217987 0.0118234 0.0857806 0.200051 0.102175 -0.0265338 -0.0321673 0.0932776 2.49753 4.3386e-12
0.101511 -0.0372051 0.0554862 0.0764299 0.0781446 0.0684347 -0.026309 -0.0270344 13.5461 2.01833e-09
0.0575745 0.0106103 -0.0541927 0.016291 0.849189 -0.528935 0.181249 0.639138 16.7209 6.89522e-09
0.0955834 0.00462571 -0.0056333 0.0953051 6.57432 -0.559161 0.71349 6.51153 9.37067 3.66442e-09
0.134525 0.0553107 0.0518127 0.111144 2.34108 0.412367 0.326812 2.28119 11.0028 4.39302e-09
0.14591 -0.00984093 0.0665004 0.129501 7.90237 0.913866 -0.258214 7.8451 12.253 4.94576e-09
0.109752 -0.0642049 -0.00682905 0.0887506 13.4806 -0.170791 1.44082 13.4023 17.3403 7.16263e-09
0.108769 -0.084401 0.0436275 0.0529515 4.62059 0.597046 0.708585 4.52673 9.29356 3.62992e-09
0.163834 0.00475353 -0.0178158 0.162793 0.185642 -0.0687173 0.154888 0.0758297 4.64638 1.51445e-09
0.189124 0.10223 0.0236235 0.157349 6.38321 -0.883011 1.27412 6.19212 13.3488 5.42732e-09
0.0431724 0.0201622 0.0368556 0.00995008 3.77033 -0.564047 -0.257084 3.71902 6.48835 2.3595e-09
0.0484047 0.0452265 -0.0165455 -0.00488105 3.57666 0.743863 -0.657903 3.43603 6.98821 2.5877e-09
0.346809 -0.0654447 0.0862987 0.329463 0.42626 0.023004 0.0161689 0.425331 1.22176 1.75009e-12
0.233387 -0.136722 0.00415396 0.189101 0.333335 -0.248103 0.126229 0.183366 12.0629 5.29274e-10
0.0384454 -0.0242816 0.00987385 0.028124 0.874059 -0.0843712 0.0409515 0.869013 6.56905 2.59713e-10
0.017601 0.0174003 0.00222272 -0.00144372 21.0595 -3.13929 -1.99902 20.7281 37.1778 1.54947e-08
0.0314414 0.00358543 0.00601677 -0.0306514 1.37155 0.492923 0.191319 1.26553 7.7237 2.92239e-09
0.792709 -0.0105893 0.0704395 0.789502 0.193036 -0.0338687 -0.0288915 0.187832 1.48875 2.27287e-12
0.107598 0.010002 -0.0602365 0.0885933 23.7424 -0.452663 -0.661018 23.7288 27.3969 1.14344e-08
0.166247 -0.0336857 0.026413 0.160642 5.35743 -0.217048 0.71202 5.30546 7.93181 3.0167e-09
0.157964 -0.0969828 0.0282294 0.12145 0.664273 0.505805 -0.219631 0.37038 6.38031 2.31034e-09
0.477169 -0.0576759 0.0393347 0.472034 12.9661 1.85809 -1.93445 12.6856 37.4008 1.55864e-08
0.163567 -0.0935873 -0.00937656 0.13382 18.6056 1.75446 -0.82472 18.5043 35.6692 1.4873e-08
0.175696 0.000990058 -0.076192 0.158313 1.8933 0.407694 0.83019 1.65202 11.1847 4.47369e-09
0.307115 0.00596126 0.126778 0.279663 4.60326 0.818318 -1.27655 4.34636 22.3011 9.28583e-09
0.168524 -0.0358256 -0.125159 0.107014 11.9891 -0.408539 1.32088 11.9091 15.873 6.52799e-09
0.140223 -0.104775 -0.0333983 0.0870003 15.951 1.92013 1.27971 15.7832 27.9383 4.18228e-09
0.103976 -0.0768071 -0.0178118 0.067782 1.54748 -0.538306 0.2353 1.43163 5.4796 1.89602e-09
0.427276 -0.0619998 -0.0645229 0.417801 3.48757 0.747593 0.487064 3.3715 6.83361 2.51703e-09
0.0370874 0.011837 0.0191892 -0.0294472 0.181552 -0.17545 -0.0255466 0.0390588 4.1094 1.26687e-09
3.00639 0.162459 0.210888 2.99458 1.01387 0.0437674 0.133063 1.00414 27.596 2.23679e-11
2.40767 0.0292305 -0.17664 2.401 0.772685 0.0147576 -0.0129271 0.772435 16.5497 1.7848e-11
0.138006 -0.00666197 0.0218333 0.136105 7.26507 1.13749 -0.94018 7.11361 11.4882 4.60807e-09
0.131787 -0.0249516 -0.03267 0.125211 1.26448 -0.0831561 0.0397939 1.26111 12.0215 1.51125e-11
2.87599 -0.0230146 0.256377 2.86445 0.449164 -0.0112219 -0.0104758 0.448901 26.2666 2.19267e-11
0.128467 0.0121115 -0.0357519 0.122796 5.29546 0.754843 -1.41654 5.04634 30.5315 1.2746e-08
0.0611848 0.055887 0.0148324 0.0200056 8.77225 -1.55425 -1.0465 8.5698 22.8915 9.53618e-09
0.138665 -0.00228143 -0.0238077 0.136587 1.47526 -0.34882 -0.224941 1.41567 5.17239 1.75522e-09
1.68783 0.17343 0.110995 1.67523 0.0139405 0.00214832 -0.00461434 0.0129681 4.10203 7.08696e-12
0.144657 0.0321894 -0.100124 0.099321 0.00967259 -0.00792377 0.00419468 -0.00359407 4.91296 1.01604e-10
0.170487 0.097856 0.0722431 0.119462 4.90861 -1.38163 -1.18776 4.55794 10.2776 4.07037e-09
0.185678 0.0383992 0.0934045 0.155812 5.87437 -0.73647 0.493129 5.80712 10.0656 3.97558e-09
0.164903 0.0181524 -0.0636779 0.151025 0.508527 -0.325047 0.374231 -0.113555 7.85589 2.98231e-09
1.86599 0.0394016 -0.0518669 1.86485 0.525238 0.0600997 0.0348878 0.52062 3.91608 6.8005e-12
0.145676 -0.0071786 0.0887278 0.115314 1.21373 -0.59819 -0.260914 1.02334 6.05706 2.16263e-09
0.198456 -0.0850636 0.0561423 0.170285 1.34013 0.323956 0.572573 1.16755 10.6082 4.21773e-09
0.133238 0.0735411 0.0726685 0.0840443 1.16022 -0.374633 -0.388677 1.02698 10.2742 4.06886e-09
0.457371 -0.0478348 -0.0762824 0.448421 1.70251 -0.335076 -0.0981193 1.66632 10.6498 1.41039e-11
0.137248 -0.0978387 -0.0203608 0.0940743 0.77571 0.386196 0.267971 0.617065 4.51378 1.45343e-09
0.061846 0.0428276 -0.0429018 0.0122535 4.56594 -0.525485 -1.04511 4.41355 32.5928 1.36004e-08
0.227023 0.0470331 -0.0245846 0.220733 1.50198 -0.646868 0.173861 1.34434 15.9156 6.54646e-09
0.689985 -0.0113478 -0.106321 0.681649 1.67921 0.0105081 -0.104012 1.67595 10.6445 1.40998e-11
0.0796103 0.0481844 0.0495074 0.0395611 1.83421 -0.74731 -0.0852066 1.6729 6.55882 2.39159e-09
0.165343 0.0457609 -0.0350272 0.154975 0.226268 -0.0154161 -0.036777 0.222726 2.89517 5.08252e-12
0.0833532 -0.0209835 0.0455003 0.066612 0.363373 -0.0322919 -0.270801 0.240132 7.94875 3.02437e-09
0.131554 0.0716905 -0.019238 0.108613 18.5911 -0.522593 -0.965432 18.5587 31.0667 1.29681e-08
0.219634 -0.0577398 -0.124084 0.17178 0.0517675 0.0237997 0.0063007 0.0455356 4.33132 7.43028e-12
0.236886 0.143603 0.0673374 0.175952 0.108344 0.0228517 0.0253593 0.102825 5.25803 8.71798e-12
0.177241 -0.0418436 0.108661 0.133627 7.68263 -0.724938 -1.04089 7.57719 11.8576 4.77134e-09
0.245648 -0.0876267 -0.0111452 0.229216 1.3063 0.288335 0.355304 1.22354 4.72393 1.55007e-09
0.133868 -0.0183564 -0.0144177 0.131817 0.272682 -0.0950575 -0.219576 0.130788 3.92927 1.18379e-09
0.459917 -0.0507173 0.104053 0.445112 0.112498 -0.0448312 0.0286811 0.0991113 8.0691 1.87004e-10
0.0771284 0.0222697 -0.0710771 0.0200224 7.87994 0.129422 0.728627 7.84512 11.5814 4.64928e-09
0.652129 -0.023846 0.0262673 0.651163 2.165 0.0801919 0.272595 2.14627 4.26333 7.32957e-12
0.080498 -0.0424902 0.0135188 0.0670206 0.0762824 0.0236408 0.0651412 -0.0318824 2.56001 5.61627e-10
0.100356 0.0858559 -0.017067 0.0490789 4.50006 0.110653 0.689161 4.4456 8.50787 3.27708e-09
0.481786 0.0628671 -0.0751622 0.471716 32.8943 -0.732697 0.80233 32.8764 37.3167 1.55518e-08
0.16164 -0.0665418 -0.023726 0.145385 0.692775 -0.394672 -0.317491 0.472621 4.23164 1.32324e-09
0.450851 -0.0891101 0.0518796 0.438901 13.9621 2.29955 0.295262 13.7682 32.9065 1.37304e-08
0.0654658 0.0603707 0.00864109 -0.0238007 6.36593 -0.87418 0.852903 6.24768 10.1719 4.02314e-09
0.137693 -0.0903777 0.0185735 0.102207 5.604 -1.78214 0.0855837 5.31239 24.9107 1.03894e-08
0.238061 0.039245 0.0715057 0.223651 0.458171 -0.243329 -0.374184 0.103431 5.9812 2.12769e-09
0.186916 -0.00296515 -0.0747217 0.171305 1.37844 -0.52284 -0.589128 1.13122 8.33143 3.19744e-09
0.140443 0.0721338 0.0376078 0.114485 8.61713 -2.06867 -1.90168 8.14612 26.7039 1.11436e-08
0.155485 0.0467928 -0.000297167 0.148277 10.1862 1.29948 -0.167446 10.1016 26.1993 1.09318e-08
0.17499 0.00974245 -0.0444424 0.168971 1.15819 -0.658147 0.0586819 0.951207 7.93899 3.01995e-09
2.34387 0.488038 -0.3565 2.26461 1.79909 0.403023 -0.164059 1.74567 10.5035 9.99331e-12
0.0536785 -0.0413462 0.0316661 0.0130046 32.1898 -1.61132 1.05607 32.1321 36.6928 1.5295e-08
0.424866 -0.172901 0.103003 0.374175 19.9193 1.09831 -0.405906 19.8849 23.6241 9.84614e-09
0.0475264 0.0281401 0.0349617 0.0156387 4.93428 0.089954 1.2412 4.77477 9.7578 3.83773e-09
0.168546 0.0588017 0.0209336 0.156563 3.43983 -0.678418 1.1947 3.15355 19.7272 8.18756e-09
0.0866624 0.025962 0.0694475 -0.0448707 0.0300548 0.0268103 -0.00126178 0.0135148 7.7096 1.77428e-10
0.855305 -0.226338 0.00203202 0.824811 0.463607 -0.0498181 -0.0173175 0.460597 7.05261 1.08402e-11
0.127577 -0.0623623 -0.00105417 0.111291 7.59138 -0.520097 -1.17971 7.4811 23.3467 9.72884e-09
0.35537 -0.172939 -0.00203297 0.310444 0.0105101 -0.00353256 -0.00239955 0.00958982 16.4905 7.4133e-10
0.18854 0.011582 0.027749 0.186126 2.83353 -0.509984 0.86146 2.65079 6.47821 2.35489e-09
0.322652 0.0363278 0.129187 0.29342 5.48697 -0.0233742 -0.979984 5.3987 10.9925 4.38846e-09
0.0523812 -0.0439701 -0.0284287 -0.0014923 3.691 -0.970057 0.15884 3.5577 9.21795 3.59607e-09
0.509199 -0.0441644 -0.0455487 0.505231 0.884264 0.276171 -0.210808 0.813149 15.6683 3.77495e-10
0.148719 -0.0553304 -0.0418396 0.131549 1.19041 -0.112628 0.681322 0.96963 7.43912 2.79319e-09
0.327099 0.00659417 0.103157 0.310336 17.4338 2.32251 -1.91346 17.1721 36.1052 1.50529e-08
0.0812459 0.00657512 0.0408421 0.0699256 4.6875 -0.669832 0.722929 4.58273 10.7398 4.27627e-09
0.0726487 -0.030189 0.0502697 0.0428883 1.43591 -0.389667 -0.0088077 1.382 3.76532 1.10788e-09
0.0749408 0.00920485 -0.0734384 0.0117555 0.0286184 -0.0223506 0.000655412 0.0178543 13.0892 3.69641e-10
0.501605 -0.0592711 -0.0737484 0.492601 0.753934 -0.576735 0.454539 0.170843 18.9592 2.84742e-09
0.267577 0.0955831 -0.0740901 0.238688 0.445433 -0.357556 0.135363 0.228562 21.0442 8.75069e-09
0.0595837 -0.019752 -0.0532038 0.0181502 0.765287 0.477441 -0.188698 0.567544 6.38896 2.31428e-09
0.0346335 -0.00118345 0.0288816 -0.0190771 5.51287 1.06748 -0.767176 5.35384 10.4865 4.16358e-09
0.248657 0.0406382 -0.0425458 0.241596 0.713084 0.225653 -0.225188 0.637855 5.94922 2.11293e-09
0.630623 -0.149855 0.0246875 0.612062 0.428014 -0.196019 0.0383017 0.378556 8.26176 1.2059e-11
0.106514 0.0686239 -0.0395218 0.0712329 1.2356 0.602193 -0.498001 0.95711 4.58957 1.48832e-09
4.34048 0.0138007 -0.298613 4.33017 1.1632 0.0261473 -0.0378601 1.16229 15.1745 1.7096e-11
0.135502 -0.00378994 -0.0605009 0.121186 21.9772 -0.333609 2.24569 21.8597 39.6172 1.64961e-08
0.123548 0.0344061 0.0227646 0.116456 4.49643 1.29723 0.58041 4.26594 9.79737 3.85546e-09
0.490394 -0.298173 0.0810583 0.380799 0.0136772 0.00273603 0.00234502 0.0131841 10.5022 1.39891e-11
0.0757558 -0.0691302 0.0152358 0.0269784 5.10957 0.631792 1.0644 4.95738 9.21576 3.59509e-09
0.124607 -0.0401306 -0.0823711 0.0844472 0.632367 0.0242727 0.41927 0.47277 5.62546 1.96321e-09
0.0655582 0.0293961 0.0541229 0.0224603 11.6445 -0.579334 -1.36553 11.5497 24.111 1.00519e-08
1.096 0.0518109 -0.212496 1.07395 0.157183 0.00193543 -0.00293011 0.157143 4.10809 7.09618e-12
0.0836062 -0.0202786 0.0589363 0.0557252 7.69585 -1.52901 -0.517196 7.52468 20.5217 8.52745e-09
0.0516297 0.0197473 -0.0360879 -0.0311983 6.37554 -0.605252 0.32293 6.33852 9.17036 3.57477e-09
0.28971 -0.0701423 -0.0374889 0.27858 9.13068 1.27199 -0.152198 9.04036 21.2089 5.98583e-10
0.294177 -0.00526291 0.147663 0.254378 0.149907 0.0582322 0.00464502 0.138056 2.9676 5.21328e-12
0.132793 0.0807383 0.0670612 0.0813518 11.0984 -1.24372 -0.857942 10.9951 14.9494 6.12653e-09
2.25861 -0.377111 -0.428622 2.18527 0.0997619 0.000704614 -0.0353222 0.0932954 9.77894 7.31347e-10
0.0919007 0.0142238 -0.0501798 0.0756664 7.19888 0.361858 0.587723 7.16572 9.85182 3.87984e-09
0.055181 -0.0276137 -0.043211 0.0203776 3.26809 -0.994918 0.535054 3.06664 7.61021 2.8709e-09
1.38038 -0.139928 -0.128391 1.36725 0.976167 -0.0412838 -0.042658 0.97436 12.2454 1.52673e-11
0.088876 -0.0325676 -0.0661107 0.0496757 1.49104 -0.246957 0.0341744 1.47005 4.52267 1.45752e-09
0.108519 0.00498013 0.0463204 0.0980099 16.4048 -1.56416 -0.0211486 16.3301 20.8348 8.66125e-09
0.0547658 0.0528478 0.0109096 -0.00934764 2.21918 0.391935 -0.681098 2.0754 6.1347 2.19828e-09
0.0613326 -0.00561026 -0.0608461 0.0052879 1.73141 0.489497 0.174846 1.65154 4.90313 1.63216e-09
0.307106 0.0311063 0.0286552 0.30418 0.0151523 0.00138215 -0.000337376 0.0150768 9.7906 4.18777e-10
0.269471 -0.0926684 0.0648727 0.244579 2.67099 0.605421 -0.686492 2.50926 21.8422 9.09083e-09
0.105258 -0.0625886 0.0268894 0.080242 1.25023 -0.759652 0.698663 0.705597 4.89108 1.62665e-09
0.158428 0.0223841 -0.0484657 0.149162 3.65234 0.980889 1.02618 3.36517 12.6353 5.11398e-09
0.0942488 -0.0563238 -0.00772195 0.0751721 21.322 0.920894 -0.716439 21.2901 37.2955 1.55431e-08
0.0499991 0.00227682 0.0478057 -0.0144686 16.9574 -1.42977 -0.0432274 16.8969 21.6572 9.01209e-09
0.103594 -0.0441021 0.0539533 0.0766535 3.37148 0.67483 -0.678242 3.23287 7.16174 2.66692e-09
0.228162 -0.102053 -0.0989829 0.178453 0.0524393 -0.000144356 -0.0122681 0.0509813 1.34611 1.98689e-12
4.74774 0.274173 -0.102775 4.7387 0.253979 0.0207074 -0.0242283 0.25197 27.4875 2.23327e-11
0.226565 -0.150513 0.127087 0.11192 0.0224151 -0.00737235 -0.00650225 0.0201382 8.5514 6.26857e-10
0.234422 0.0261166 0.0493195 0.227682 1.49801 -0.954375 -0.606431 0.982565 9.10574 3.54583e-09
0.0836265 -0.00481531 0.0810381 0.0200755 7.41228 0.701701 -0.650789 7.35024 10.3995 4.12477e-09
0.137171 -0.0798415 -0.00932506 0.11115 3.91714 -0.708838 0.398423 3.83181 14.4553 5.91128e-09
0.0628101 0.0626721 0.000459808 0.00413475 7.5234 -0.229076 -0.846074 7.47217 19.5441 8.10914e-09
3.60191 0.260782 0.252439 3.58357 0.308156 0.0136814 0.0102213 0.307682 19.8723 1.94506e-11
0.153821 0.0314618 -0.0432232 0.144232 0.107675 0.000565907 -0.0985388 -0.0433991 3.55185 1.00905e-09
0.16058 0.0819584 0.0366751 0.133131 5.85371 -0.676608 -0.990583 5.72947 9.34613 3.65344e-09
0.29715 -1.10234e-05 -0.0866838 0.284225 9.99317 0.0390945 2.16839 9.755 19.7136 8.18173e-09
0.115217 -0.00122441 0.0662444 0.0942609 0.53915 -0.418709 0.0311898 0.33822 8.29168 3.17948e-09
0.0538457 0.02712 -0.0414776 0.0210587 3.54124 1.29089 -0.0376824 3.29735 7.51637 2.82829e-09
0.0964675 0.0281653 -0.0696945 0.0604596 1.83284 0.86262 0.139111 1.61116 10.1351 4.00669e-09
0.323775 0.0436362 0.0818243 0.310211 2.94664 -0.312509 -0.643763 2.85843 6.57091 2.3971e-09
0.0745432 0.0458296 -0.0395944 0.0434582 10.8937 1.74352 0.285013 10.7495 22.0251 9.16861e-09
0.0798236 -0.0475251 0.0324203 0.0553362 3.14227 0.0180775 0.84839 3.02552 11.9571 4.81528e-09
0.153587 0.00222364 -0.0010609 0.153567 7.56764 -0.900772 0.352119 7.50559 12.3642 4.9947e-09
0.251555 -0.0875777 -0.0626386 0.227347 10.6969 1.29966 0.653157 10.5975 18.6043 2.79376e-09
0.039639 0.0187394 0.00191683 0.0348771 1.29488 -0.0446898 -0.149533 1.28544 3.05963 5.37729e-12
0.208143 -0.11792 -0.0741492 0.154661 6.11646 1.42973 0.709788 5.9045 10.9536 4.37119e-09
0.182978 -0.00922028 -0.00358032 0.182711 0.771747 0.0271707 0.055467 0.769271 18.7635 1.89453e-11
0.0974835 -0.0400553 0.0563516 0.0687249 15.9881 0.69335 -0.788067 15.9536 20.272 8.4207e-09
0.0948303 0.0796319 0.00957405 0.0505953 9.90081 0.62426 -1.436 9.77621 13.9745 5.70136e-09
0.0614821 0.0436579 -0.0419929 0.0105181 15.3009 1.23526 0.0727108 15.2508 19.2649 7.98953e-09
0.196434 -0.00869374 0.00526446 0.196171 0.0668921 0.0163619 0.0330551 0.0558027 4.46399 7.62423e-12
0.0781343 -0.0290669 0.0329688 0.0645998 5.67915 -0.90877 1.16132 5.48436 11.1839 4.47331e-09
0.0513086 0.026199 -0.0440936 -0.00139339 1.60177 0.0934059 -0.566882 1.49519 13.6159 5.54441e-09
0.0385304 0.0232707 -0.0291092 0.00978385 2.48293 0.808044 -0.113629 2.34501 15.455 3.703e-10
0.105597 0.0386957 0.0780266 0.0597087 1.09278 -0.723825 -0.275733 0.77085 5.60585 1.95416e-09
0.15185 0.031206 0.102794 0.107321 2.94657 -1.52153 -0.103912 2.52119 8.47009 3.26004e-09
0.389538 0.0707843 -0.0736548 0.375905 0.870534 0.0575313 -0.0440342 0.867514 3.87199 6.73149e-12
0.0373966 0.00194635 -0.0125275 -0.035182 4.23277 0.487146 0.748257 4.13753 8.60244 3.31972e-09
0.142669 -0.0329599 0.0481427 0.130194 7.78359 1.26549 -0.515887 7.66268 33.0361 1.3784e-08
0.136813 0.0799638 0.016249 0.109816 0.18092 0.0632447 0.0545641 0.160482 6.378 4.3946e-10
0.0579992 -0.0170522 -0.0537408 -0.0136034 22.8014 -1.29755 0.275367 22.7628 26.5268 1.10693e-08
1.35227 0.238552 -0.317952 1.29253 0.0716407 0.00686167 -0.016355 0.0694086 14.2315 6.2878e-11
0.139722 -0.0496942 0.101847 0.0817298 17.4845 0.142282 -0.38088 17.4798 20.4279 8.48737e-09
0.0795757 0.0181995 0.0632119 0.0447809 3.21613 0.632412 -0.578681 3.09979 6.7593 1.0676e-10
